0
0
0 0 0 0 
0 0 0 0 
0 0 0 2 
0 2 0 0 
1
0
0 2 0 2 
0 0 0 0 
0 0 2 0 
0 0 0 0 
2
4
4 0 0 0 
0 0 0 0 
2 0 0 0 
0 2 0 0 
3
4
4 2 0 0 
2 2 0 0 
0 0 0 0 
0 0 0 0 
4
8
4 2 0 0 
4 0 0 0 
0 0 0 0 
0 0 2 0 
5
8
0 0 4 2 
0 0 0 4 
0 0 0 0 
4 0 0 2 
6
8
0 2 0 0 
0 0 0 2 
0 0 0 4 
4 0 4 2 
7
8
4 2 4 2 
0 0 0 4 
0 0 0 2 
0 2 0 0 
8
8
4 2 4 2 
4 0 0 0 
2 0 0 0 
2 2 0 0 
9
12
4 2 4 2 
0 0 0 4 
0 2 0 2 
0 0 0 4 
10
16
0 0 0 2 
0 0 0 4 
0 2 0 2 
4 4 4 4 
11
36
2 2 0 0 
4 0 0 0 
4 0 0 0 
8 8 0 0 
12
56
0 0 0 4 
0 0 0 4 
2 0 0 4 
0 0 0 16 
13
64
0 0 0 0 
0 0 2 4 
0 0 0 8 
2 0 0 16 
14
64
2 0 0 0 
2 4 0 0 
8 0 0 0 
2 16 0 0 
15
64
0 0 0 2 
0 0 2 4 
0 4 0 8 
0 0 2 16 
16
68
0 0 0 2 
0 0 0 4 
0 0 0 8 
2 4 4 16 
17
76
2 0 0 0 
4 0 0 0 
8 0 0 2 
2 8 16 0 
18
76
0 2 0 2 
0 0 0 4 
0 0 8 2 
0 2 8 16 
19
96
0 4 16 2 
0 0 0 4 
0 0 2 2 
0 0 0 16 
20
96
0 0 0 2 
0 0 4 4 
0 0 16 2 
0 4 2 16 
21
104
2 0 0 2 
8 0 0 0 
16 2 0 0 
4 2 16 0 
22
108
2 0 0 4 
0 0 0 8 
0 0 16 2 
0 4 2 16 
23
108
2 4 16 4 
0 0 2 8 
0 0 0 2 
0 2 0 16 
24
108
2 4 16 4 
2 8 4 0 
2 0 0 0 
2 16 0 0 
25
108
2 4 16 4 
0 2 8 4 
2 0 0 2 
0 0 2 16 
26
120
4 4 16 8 
0 2 8 2 
0 0 2 16 
0 2 0 0 
27
124
0 0 0 0 
0 0 16 8 
2 4 8 2 
4 4 2 16 
28
132
2 0 0 0 
16 8 0 0 
2 4 8 2 
8 2 16 0 
29
132
0 0 0 2 
0 0 16 8 
2 4 8 2 
2 8 2 16 
30
132
2 2 0 0 
16 8 0 0 
2 4 8 2 
2 8 2 16 
31
136
0 0 2 4 
0 0 16 8 
2 4 8 2 
2 8 2 16 
32
140
4 4 2 4 
0 8 16 8 
0 0 8 2 
0 2 2 16 
33
152
8 2 4 0 
8 16 8 0 
8 2 0 2 
4 16 0 0 
34
156
0 8 2 4 
0 8 16 8 
0 0 8 4 
4 0 4 16 
35
172
4 16 2 4 
0 0 16 8 
0 0 8 4 
0 2 4 16 
36
172
4 16 2 4 
16 8 2 0 
8 4 0 0 
2 4 16 0 
37
172
4 16 2 4 
0 16 8 2 
2 0 8 4 
0 2 4 16 
38
220
4 32 2 4 
2 2 16 2 
2 0 4 4 
0 0 0 16 
39
232
4 32 2 4 
4 16 2 0 
2 8 0 0 
16 0 0 2 
40
232
4 32 2 4 
0 4 16 2 
0 0 2 8 
2 0 16 2 
41
232
4 32 2 4 
2 4 16 2 
0 0 2 8 
2 0 16 2 
42
232
4 32 2 4 
2 4 16 2 
2 8 4 0 
2 16 2 0 
43
232
4 32 2 4 
2 4 16 2 
2 2 8 4 
0 2 16 2 
44
240
4 32 2 4 
4 4 16 2 
0 4 8 4 
0 2 16 2 
45
248
4 32 2 4 
0 8 16 2 
2 4 8 4 
0 2 16 2 
46
248
4 32 2 4 
2 8 16 2 
4 4 8 4 
0 2 16 2 
47
256
4 32 2 4 
2 8 16 2 
8 8 4 2 
2 16 2 0 
