0
0
0 0 0 0 
0 0 0 2 
0 0 2 0 
0 0 0 0 
1
0
0 0 2 2 
0 0 0 0 
0 0 0 2 
0 0 0 0 
2
4
0 0 0 4 
0 0 0 2 
0 0 0 2 
0 0 0 0 
3
8
0 0 0 4 
0 0 0 4 
0 2 0 0 
0 0 0 0 
4
16
0 2 0 8 
0 0 0 0 
0 0 2 0 
0 0 0 0 
5
16
2 2 2 8 
0 0 0 0 
0 0 0 0 
0 0 0 0 
6
20
0 2 4 8 
0 0 0 0 
0 0 0 2 
0 0 0 0 
7
20
0 2 4 8 
0 0 0 2 
0 2 0 0 
0 0 0 0 
8
24
0 4 4 8 
0 0 0 2 
0 0 0 0 
4 0 0 0 
9
32
0 0 8 8 
0 0 0 2 
0 0 0 2 
0 0 0 4 
10
48
0 0 0 16 
0 0 2 2 
0 0 0 2 
0 0 0 4 
11
52
0 0 2 16 
0 0 0 4 
0 0 0 4 
0 0 0 2 
12
60
0 0 2 16 
0 0 0 8 
0 0 2 2 
0 0 0 0 
13
64
0 0 4 16 
0 0 0 8 
0 2 0 2 
0 0 0 0 
14
68
0 0 4 16 
0 0 0 8 
0 2 0 4 
0 0 0 0 
15
68
0 0 4 16 
0 0 0 8 
0 2 2 4 
0 0 0 0 
16
72
0 0 4 16 
2 0 0 8 
0 0 4 4 
0 0 0 0 
17
80
2 0 4 16 
0 0 2 8 
0 0 0 8 
0 0 0 0 
18
96
2 0 4 16 
0 0 2 16 
0 0 0 0 
0 2 0 0 
19
128
2 2 4 32 
0 2 2 0 
0 0 0 0 
0 0 0 0 
20
136
0 4 4 32 
0 0 0 4 
2 0 0 0 
0 0 0 0 
21
144
0 0 8 32 
0 0 0 4 
0 0 0 2 
0 0 0 2 
22
148
0 0 8 32 
0 0 2 4 
0 0 0 4 
0 0 0 0 
23
156
0 0 8 32 
0 0 2 8 
0 0 0 0 
0 0 4 0 
24
156
2 0 8 32 
0 0 2 8 
0 0 4 0 
0 0 0 0 
25
156
4 2 8 32 
0 0 2 8 
0 0 0 4 
0 0 0 0 
26
156
4 2 8 32 
2 0 2 8 
0 0 0 4 
0 0 0 0 
27
160
4 2 8 32 
0 0 4 8 
0 0 0 4 
0 2 0 0 
28
160
4 2 8 32 
4 8 0 4 
4 0 0 0 
2 0 0 0 
29
168
8 2 8 32 
4 8 0 4 
2 0 0 0 
0 0 0 2 
30
168
8 2 8 32 
0 4 8 4 
0 2 0 2 
0 0 0 2 
31
188
8 2 16 32 
2 4 0 4 
0 2 0 4 
0 0 0 0 
32
196
8 2 16 32 
2 4 0 8 
0 2 0 0 
0 2 0 0 
33
196
8 2 16 32 
0 2 4 8 
0 2 0 2 
0 0 0 2 
34
204
8 4 16 32 
0 2 4 8 
0 0 0 4 
0 0 0 2 
35
204
8 4 16 32 
2 4 8 0 
4 0 0 0 
2 2 0 0 
36
212
8 8 16 32 
2 2 8 0 
4 0 2 0 
2 0 0 0 
37
232
0 16 16 32 
0 0 4 8 
0 0 4 2 
2 0 0 2 
38
268
0 0 32 32 
0 0 4 8 
0 0 4 2 
2 0 0 4 
39
332
2 0 0 64 
0 0 4 8 
0 0 4 2 
0 0 2 4 
40
340
2 2 8 64 
0 0 2 8 
0 0 0 2 
0 0 0 4 
41
344
0 4 8 64 
2 0 2 8 
0 0 0 2 
0 0 0 4 
42
344
2 4 8 64 
0 0 2 8 
0 0 0 2 
0 2 0 4 
43
344
2 4 8 64 
2 8 0 0 
2 0 0 0 
2 4 2 0 
44
344
2 4 8 64 
0 0 2 8 
2 0 0 2 
0 2 4 2 
45
348
2 4 8 64 
2 8 0 0 
4 2 0 0 
2 4 2 0 
46
352
4 4 8 64 
4 8 2 0 
2 2 0 2 
0 4 0 0 
47
364
0 8 8 64 
0 4 8 2 
0 4 2 4 
0 0 0 4 
48
380
0 0 16 64 
0 4 8 2 
0 4 2 4 
0 2 0 4 
49
396
2 8 16 64 
0 2 8 2 
0 0 2 8 
0 0 0 0 
50
396
2 8 16 64 
2 8 2 0 
2 8 0 0 
0 0 0 2 
51
416
4 16 16 64 
2 8 2 2 
0 2 0 0 
0 0 0 0 
52
452
0 4 32 64 
0 2 8 4 
0 0 0 2 
0 0 2 0 
53
452
0 4 32 64 
0 2 8 4 
0 0 2 2 
0 2 0 0 
54
456
0 4 32 64 
4 4 8 4 
0 0 2 2 
0 0 0 0 
55
464
4 8 32 64 
0 0 8 4 
2 0 2 2 
0 0 0 0 
56
468
4 8 32 64 
8 4 0 2 
4 2 0 0 
0 0 0 0 
57
468
4 8 32 64 
2 8 4 2 
0 0 4 2 
0 0 0 0 
58
496
4 16 32 64 
2 0 8 4 
0 0 0 2 
0 0 0 0 
59
496
4 16 32 64 
2 8 4 0 
2 0 0 0 
0 2 0 0 
60
500
4 16 32 64 
4 8 4 0 
0 2 0 0 
0 0 0 2 
61
508
8 16 32 64 
0 8 4 2 
0 2 0 2 
0 0 0 0 
62
512
8 16 32 64 
8 4 2 0 
4 0 0 0 
0 0 0 2 
63
528
16 16 32 64 
4 4 2 2 
0 0 0 0 
0 0 0 2 
64
572
2 32 32 64 
0 0 8 4 
0 0 0 0 
0 0 0 2 
65
636
0 2 64 64 
2 0 8 4 
0 0 0 0 
0 0 0 2 
66
764
0 0 2 128 
0 2 8 4 
0 0 0 2 
0 0 0 2 
67
768
0 2 2 128 
4 0 8 4 
0 0 0 4 
0 0 0 0 
68
776
4 2 2 128 
0 0 8 8 
2 0 0 0 
0 0 0 0 
69
796
0 4 4 128 
0 2 0 16 
0 0 0 2 
0 0 0 0 
70
804
0 0 8 128 
0 0 2 16 
0 0 0 2 
0 0 2 0 
71
808
0 0 8 128 
0 0 4 16 
2 0 0 2 
0 0 0 0 
72
808
2 0 8 128 
0 0 4 16 
0 0 2 2 
0 0 0 0 
73
812
2 2 8 128 
0 0 4 16 
0 0 0 4 
0 0 0 0 
74
816
0 4 8 128 
2 0 4 16 
0 0 0 4 
0 0 0 0 
75
816
2 4 8 128 
0 0 4 16 
0 0 0 4 
2 0 0 0 
76
820
4 4 8 128 
0 0 4 16 
2 0 0 4 
0 0 0 0 
77
828
2 8 8 128 
0 0 4 16 
0 0 2 4 
0 0 0 0 
78
844
0 2 16 128 
0 0 4 16 
0 0 2 4 
2 0 0 0 
79
844
2 2 16 128 
0 0 4 16 
0 0 2 4 
0 0 2 0 
80
848
0 4 16 128 
0 0 4 16 
2 0 2 4 
0 0 0 2 
81
848
2 4 16 128 
0 0 4 16 
0 0 2 4 
0 0 2 2 
82
852
2 4 16 128 
4 16 2 0 
2 4 0 0 
4 0 0 0 
83
852
2 4 16 128 
0 4 16 2 
0 2 2 4 
0 0 0 4 
84
900
2 8 32 128 
0 2 2 2 
0 0 0 8 
2 0 0 0 
85
904
2 8 32 128 
0 0 2 4 
0 0 0 8 
0 0 2 2 
86
908
2 8 32 128 
2 4 0 0 
8 0 0 0 
4 0 0 2 
87
912
4 8 32 128 
8 4 0 2 
4 0 0 0 
0 2 0 0 
88
912
4 8 32 128 
0 8 4 2 
0 0 0 4 
2 0 0 2 
89
928
4 16 32 128 
2 0 4 2 
2 0 0 4 
0 0 0 2 
90
932
4 16 32 128 
4 0 4 2 
0 0 0 4 
0 0 2 2 
91
940
8 16 32 128 
0 4 4 2 
0 0 2 4 
0 0 0 2 
92
948
8 16 32 128 
8 2 0 0 
2 4 0 2 
2 0 0 0 
93
968
16 16 32 128 
4 2 0 2 
0 4 2 0 
0 0 0 0 
94
1004
0 32 32 128 
0 0 4 4 
0 2 4 2 
0 0 0 0 
95
1076
0 0 64 128 
0 0 0 8 
0 2 4 2 
0 0 2 0 
96
1076
2 2 64 128 
0 0 4 8 
0 0 2 2 
0 0 0 0 
97
1084
0 4 64 128 
0 0 4 8 
0 2 0 4 
0 0 0 0 
98
1084
0 4 64 128 
0 2 4 8 
0 0 4 4 
0 0 0 0 
99
1092
2 4 64 128 
0 2 8 8 
0 0 0 4 
0 0 0 0 
100
1108
2 4 64 128 
2 16 0 0 
4 0 0 0 
2 0 0 0 
101
1112
4 4 64 128 
4 16 0 0 
2 0 0 0 
0 2 0 0 
102
1120
0 8 64 128 
0 0 4 16 
2 0 0 2 
0 0 0 2 
103
1124
2 8 64 128 
0 0 4 16 
0 0 2 4 
0 0 0 0 
104
1124
2 8 64 128 
4 16 2 0 
2 4 0 0 
0 0 0 0 
105
1124
2 8 64 128 
0 4 16 2 
0 0 2 4 
0 0 0 2 
106
1124
2 8 64 128 
4 16 2 0 
2 4 0 0 
2 0 0 4 
107
1128
2 8 64 128 
4 16 2 4 
4 4 0 0 
0 0 2 0 
108
1140
2 8 64 128 
8 16 4 4 
0 4 0 0 
0 0 2 0 
109
1148
2 8 64 128 
0 8 16 8 
0 2 0 4 
0 0 0 2 
110
1164
2 16 64 128 
0 2 16 8 
0 0 0 4 
0 0 4 2 
111
1164
2 16 64 128 
2 16 8 0 
4 0 0 2 
4 2 0 0 
112
1208
4 32 64 128 
8 2 8 2 
0 0 0 2 
0 0 0 0 
113
1208
4 32 64 128 
8 2 8 2 
2 0 0 2 
0 0 0 0 
114
1212
4 32 64 128 
8 2 8 2 
0 2 0 4 
0 0 0 0 
115
1216
4 32 64 128 
8 4 8 2 
0 0 0 4 
0 0 2 0 
116
1216
4 32 64 128 
8 4 8 2 
2 0 2 4 
0 0 0 0 
117
1220
4 32 64 128 
8 4 8 2 
4 4 4 0 
0 0 0 0 
118
1228
4 32 64 128 
8 8 8 2 
4 0 4 2 
0 0 0 0 
119
1252
4 32 64 128 
16 8 2 0 
8 2 0 2 
0 0 0 0 
120
1256
4 32 64 128 
0 16 8 2 
2 0 8 4 
0 0 0 0 
121
1272
4 32 64 128 
2 16 16 2 
0 0 0 4 
0 2 0 0 
122
1304
4 32 64 128 
2 32 2 0 
4 0 0 0 
2 2 0 0 
123
1368
4 64 64 128 
2 2 2 0 
4 0 0 0 
2 0 0 2 
124
1504
0 4 128 128 
2 0 2 4 
0 0 0 4 
0 0 0 4 
125
1764
0 2 4 256 
0 0 4 4 
0 0 0 4 
0 0 0 4 
126
1780
0 2 8 256 
0 0 0 8 
0 0 0 4 
0 0 0 2 
127
1780
0 2 8 256 
2 0 0 8 
0 0 0 4 
0 0 0 2 
128
1780
2 2 8 256 
0 0 0 8 
0 0 0 4 
0 2 0 2 
129
1788
2 4 8 256 
0 0 0 8 
0 0 0 4 
0 0 0 4 
130
1796
2 4 8 256 
0 0 4 8 
0 0 0 8 
0 0 0 0 
131
1796
2 4 8 256 
4 8 0 0 
8 0 0 0 
0 2 0 0 
132
1796
2 4 8 256 
0 0 4 8 
0 0 2 8 
0 0 0 2 
133
1796
2 4 8 256 
4 8 0 0 
2 8 2 0 
2 0 0 0 
134
1796
2 4 8 256 
0 0 4 8 
2 2 8 2 
0 0 0 2 
135
1800
2 4 8 256 
4 8 0 4 
4 8 2 0 
2 0 0 0 
136
1800
2 4 8 256 
0 4 8 4 
0 4 8 2 
2 0 0 2 
137
1832
4 8 16 256 
0 4 8 4 
0 0 0 4 
0 0 2 0 
138
1832
4 8 16 256 
4 8 4 0 
4 0 0 2 
2 0 0 0 
139
1856
8 16 16 256 
4 0 4 2 
2 0 0 4 
0 0 0 0 
140
1896
0 8 32 256 
0 0 8 2 
0 0 2 4 
2 0 0 0 
141
1896
2 8 32 256 
0 0 8 2 
0 0 2 4 
4 0 0 0 
142
1896
2 8 32 256 
4 0 8 2 
0 0 2 4 
0 0 2 0 
143
1896
2 8 32 256 
4 8 2 2 
2 4 0 0 
2 0 0 0 
144
1916
2 16 32 256 
4 4 2 2 
4 0 0 0 
2 0 0 0 
145
1928
2 16 32 256 
0 0 8 4 
0 0 0 4 
0 0 2 2 
146
1936
2 16 32 256 
0 2 8 8 
0 0 2 2 
0 0 0 0 
147
1956
2 16 32 256 
2 16 0 2 
4 0 0 0 
0 0 0 0 
148
1992
4 32 32 256 
4 0 0 2 
0 0 0 2 
0 0 0 0 
149
2056
0 4 64 256 
0 0 4 2 
0 2 0 2 
0 0 0 0 
150
2060
0 4 64 256 
2 2 4 4 
0 0 0 0 
0 0 0 0 
151
2060
2 4 64 256 
0 2 4 4 
0 0 2 0 
0 0 0 0 
152
2060
2 4 64 256 
0 2 4 4 
0 0 2 2 
0 0 0 0 
153
2072
2 4 64 256 
2 8 2 0 
4 0 0 0 
0 0 0 0 
154
2076
4 4 64 256 
4 8 2 0 
0 2 0 0 
0 0 0 0 
155
2084
0 8 64 256 
0 4 8 2 
2 0 0 2 
0 0 0 0 
156
2088
8 64 256 0 
4 8 2 0 
4 0 0 0 
0 0 0 2 
157
2088
2 8 64 256 
0 4 8 2 
0 0 0 4 
0 0 0 2 
158
2088
2 8 64 256 
4 8 2 0 
4 0 4 0 
2 0 0 0 
159
2112
2 16 64 256 
8 2 2 0 
2 0 4 0 
0 0 0 0 
160
2116
2 16 64 256 
2 0 8 4 
0 0 2 4 
0 0 0 0 
161
2128
4 16 64 256 
0 0 8 8 
4 0 2 0 
0 0 0 0 
162
2136
8 16 64 256 
0 0 8 8 
0 0 2 0 
2 0 0 0 
163
2152
8 16 64 256 
16 2 0 0 
2 0 0 0 
2 0 0 0 
164
2152
8 16 64 256 
0 0 16 2 
0 2 0 2 
0 0 0 2 
165
2156
8 16 64 256 
16 2 0 0 
4 0 0 0 
2 0 0 2 
166
2160
8 16 64 256 
0 0 16 2 
0 2 0 4 
0 0 0 4 
167
2168
8 16 64 256 
2 2 16 2 
0 0 0 8 
0 0 0 0 
168
2172
8 16 64 256 
4 16 2 0 
8 0 0 0 
0 0 0 2 
169
2204
8 32 64 256 
4 0 2 2 
8 2 0 0 
0 0 0 0 
170
2208
8 32 64 256 
0 0 4 4 
0 0 8 2 
0 2 0 0 
171
2216
8 32 64 256 
8 0 0 0 
8 2 0 0 
2 2 0 0 
172
2236
16 32 64 256 
8 4 0 0 
2 0 0 0 
0 0 0 2 
173
2236
16 32 64 256 
8 4 0 0 
2 0 2 0 
2 0 0 0 
174
2240
16 32 64 256 
8 4 2 0 
4 0 0 0 
0 0 0 2 
175
2240
16 32 64 256 
8 4 2 0 
4 0 2 0 
2 0 0 0 
176
2244
16 32 64 256 
8 4 4 2 
4 0 0 0 
2 0 0 0 
177
2252
16 32 64 256 
8 8 2 0 
4 0 0 0 
2 0 2 0 
178
2272
16 32 64 256 
16 2 0 0 
4 0 0 0 
4 0 4 0 
179
2312
32 32 64 256 
8 2 4 0 
0 0 0 0 
2 0 0 0 
180
2376
2 64 64 256 
0 8 2 4 
0 0 0 0 
0 0 0 2 
181
2504
0 2 128 256 
0 8 2 4 
0 0 0 2 
0 0 0 2 
182
2504
0 2 128 256 
0 8 2 4 
0 0 2 2 
0 0 0 2 
183
2512
0 2 128 256 
0 8 4 4 
0 0 0 4 
2 0 0 0 
184
2520
0 2 128 256 
0 0 8 8 
0 2 0 4 
0 0 0 2 
185
2524
0 4 128 256 
2 0 8 8 
0 0 0 4 
0 0 0 2 
186
2524
2 4 128 256 
0 0 8 8 
0 2 0 4 
0 0 0 2 
187
2524
2 4 128 256 
0 2 8 8 
0 0 0 4 
0 0 2 2 
188
2524
2 4 128 256 
0 2 8 8 
0 2 2 4 
0 0 0 2 
189
2528
2 4 128 256 
0 4 8 8 
0 0 2 4 
0 0 2 2 
190
2540
2 8 128 256 
0 0 8 8 
2 0 4 4 
0 0 0 2 
191
2544
4 8 128 256 
0 0 8 8 
0 4 4 4 
0 0 0 2 
192
2568
4 8 128 256 
16 0 0 0 
8 4 0 2 
2 0 0 0 
193
2568
4 8 128 256 
16 4 0 2 
8 0 0 2 
2 0 0 0 
194
2568
4 8 128 256 
0 16 4 2 
2 0 8 2 
0 0 0 2 
195
2568
4 8 128 256 
16 4 2 0 
2 8 2 4 
2 0 0 0 
196
2568
4 8 128 256 
2 16 4 2 
2 8 2 4 
0 0 0 2 
197
2572
4 8 128 256 
4 16 4 2 
0 8 2 4 
0 2 0 2 
198
2580
8 8 128 256 
0 16 4 2 
2 8 2 4 
0 2 0 2 
199
2600
0 16 128 256 
4 16 4 2 
2 8 2 4 
0 0 0 4 
200
2640
4 32 128 256 
2 8 4 2 
0 0 2 8 
0 2 0 0 
201
2640
4 32 128 256 
2 8 4 2 
2 2 2 8 
0 0 0 0 
202
2644
4 32 128 256 
2 8 4 2 
4 2 8 0 
2 0 0 0 
203
2644
4 32 128 256 
2 8 4 2 
0 4 2 8 
2 0 0 2 
204
2648
4 32 128 256 
4 8 4 2 
0 4 2 8 
4 0 0 2 
205
2656
8 32 128 256 
4 8 4 2 
0 4 2 8 
0 0 2 2 
206
2660
8 32 128 256 
4 8 4 2 
4 2 8 0 
4 2 0 0 
207
2672
8 32 128 256 
8 8 4 2 
4 4 8 0 
0 2 0 0 
208
2688
16 32 128 256 
4 8 4 2 
4 4 8 0 
0 2 0 0 
209
2696
16 32 128 256 
8 8 4 2 
0 4 8 2 
0 2 0 0 
210
2712
16 32 128 256 
16 4 2 0 
4 8 2 2 
2 0 0 0 
211
2748
32 32 128 256 
4 4 4 2 
2 8 0 0 
0 0 2 0 
212
2820
0 64 128 256 
0 4 8 2 
0 0 2 8 
0 0 2 2 
213
2824
0 64 128 256 
0 4 8 2 
2 0 4 8 
0 0 0 2 
214
2824
2 64 128 256 
0 4 8 2 
2 0 4 8 
0 0 0 2 
215
2828
4 64 128 256 
0 4 8 2 
0 0 4 8 
0 2 0 2 
216
2832
4 64 128 256 
4 8 2 0 
4 8 0 0 
4 2 0 0 
217
2864
8 64 128 256 
8 16 2 0 
0 2 0 2 
0 0 0 0 
218
2880
16 64 128 256 
0 16 2 2 
0 2 0 0 
0 0 2 0 
219
2884
16 64 128 256 
16 4 0 0 
2 0 2 0 
2 0 0 0 
220
2920
32 64 128 256 
4 4 2 0 
2 0 0 0 
0 0 0 0 
221
2928
32 64 128 256 
8 2 0 2 
2 0 0 0 
0 0 0 0 
222
2932
32 64 128 256 
8 4 0 0 
2 2 0 0 
0 0 0 0 
223
2936
32 64 128 256 
8 4 0 0 
4 0 0 0 
0 0 0 2 
224
2936
32 64 128 256 
8 4 0 0 
4 0 2 0 
2 0 0 0 
225
2936
32 64 128 256 
8 4 0 0 
4 2 0 0 
2 0 2 0 
226
2940
32 64 128 256 
8 4 2 0 
4 2 0 0 
4 0 0 0 
227
2948
32 64 128 256 
8 4 2 0 
8 2 0 0 
0 0 2 0 
228
2968
32 64 128 256 
16 4 4 0 
0 2 0 0 
0 2 0 0 
229
2976
32 64 128 256 
16 8 0 2 
2 0 0 0 
2 0 0 0 
230
2980
32 64 128 256 
16 8 0 2 
4 0 0 0 
0 0 0 2 
231
2980
32 64 128 256 
16 8 2 0 
4 0 0 0 
2 0 0 2 
232
2980
32 64 128 256 
16 8 2 2 
4 0 0 0 
2 0 0 2 
233
2988
32 64 128 256 
16 8 4 0 
4 0 0 0 
4 2 0 0 
234
2996
32 64 128 256 
16 8 4 0 
8 2 0 0 
2 0 0 0 
235
2996
32 64 128 256 
16 8 4 0 
8 2 0 0 
2 0 2 0 
236
3000
32 64 128 256 
16 8 4 0 
8 2 0 0 
4 2 0 0 
237
3004
32 64 128 256 
16 8 4 2 
8 4 0 0 
4 0 0 0 
238
3004
32 64 128 256 
16 8 4 2 
8 4 2 0 
4 0 0 0 
239
3004
32 64 128 256 
16 8 4 2 
8 4 2 4 
4 0 0 0 
240
3004
32 64 128 256 
16 8 4 2 
8 4 2 4 
4 0 2 0 
241
3004
32 64 128 256 
16 8 4 2 
8 4 2 4 
4 2 2 0 
242
3008
32 64 128 256 
16 8 4 2 
8 4 2 4 
4 4 0 2 
243
3016
32 64 128 256 
16 8 4 2 
8 4 2 4 
8 2 2 0 
244
3036
32 64 128 256 
16 8 4 2 
16 4 4 4 
0 2 0 4 
245
3084
32 64 128 256 
32 8 8 2 
0 4 0 8 
2 2 0 0 
246
3148
64 64 128 256 
2 8 8 2 
0 4 0 8 
0 2 2 0 
247
3296
0 128 128 256 
0 2 16 2 
0 0 4 8 
0 0 2 4 
248
3552
0 0 256 256 
0 2 16 2 
0 2 4 8 
0 0 2 4 
249
4064
0 0 0 512 
0 2 16 2 
0 2 4 8 
0 2 2 4 
250
4068
0 4 16 512 
0 2 4 2 
0 0 2 8 
0 0 2 4 
251
4072
0 4 16 512 
0 2 4 2 
0 2 4 8 
0 0 0 4 
252
4084
0 4 16 512 
0 4 8 2 
0 0 0 8 
0 2 0 4 
253
4092
0 8 16 512 
0 2 8 2 
0 2 0 8 
0 0 0 4 
254
4096
0 8 16 512 
0 4 8 2 
2 0 0 8 
0 0 0 4 
255
4096
2 8 16 512 
0 4 8 2 
0 0 2 8 
0 0 0 4 
256
4096
2 8 16 512 
4 8 2 2 
2 8 0 0 
4 0 0 0 
257
4112
2 16 16 512 
4 8 2 2 
2 2 0 0 
4 0 0 0 
258
4152
0 2 32 512 
0 4 8 4 
0 0 0 4 
2 0 0 4 
259
4160
2 2 32 512 
0 4 8 8 
0 0 0 4 
0 0 0 2 
260
4180
0 4 32 512 
2 0 4 16 
0 0 0 4 
0 0 0 2 
261
4180
2 4 32 512 
0 0 4 16 
0 0 2 4 
0 0 0 2 
262
4180
2 4 32 512 
4 16 2 0 
2 4 0 0 
2 0 0 0 
263
4180
2 4 32 512 
0 4 16 2 
0 0 2 4 
0 2 0 2 
264
4188
2 8 32 512 
0 2 16 2 
0 2 2 4 
0 0 0 2 
265
4192
2 8 32 512 
2 16 2 0 
4 4 2 0 
2 0 0 0 
266
4200
4 8 32 512 
4 16 4 0 
2 4 0 0 
0 0 4 0 
267
4216
8 8 32 512 
2 16 8 0 
0 4 2 0 
0 0 0 0 
268
4232
0 16 32 512 
0 2 16 8 
0 2 4 2 
0 0 0 0 
269
4232
16 32 512 0 
2 16 8 0 
2 4 2 0 
0 0 0 2 
270
4232
0 16 32 512 
2 2 16 8 
0 2 4 2 
0 0 0 2 
271
4236
0 16 32 512 
0 4 16 8 
0 2 4 2 
2 0 0 2 
272
4240
2 16 32 512 
0 4 16 8 
0 2 4 4 
0 2 0 0 
273
4248
2 16 32 512 
4 16 8 0 
2 8 0 0 
2 0 2 0 
274
4284
2 32 32 512 
4 8 8 0 
4 0 2 0 
0 0 0 2 
275
4364
0 2 64 512 
0 0 4 16 
0 2 4 2 
0 0 0 2 
276
4380
0 4 64 512 
0 0 8 16 
0 0 0 4 
0 0 0 2 
277
4380
0 4 64 512 
0 2 8 16 
0 0 0 4 
0 0 0 2 
278
4380
0 4 64 512 
0 2 8 16 
0 0 0 4 
2 0 0 2 
279
4380
2 4 64 512 
0 2 8 16 
0 0 0 4 
0 2 0 2 
280
4384
2 4 64 512 
2 8 16 0 
4 0 0 2 
4 0 0 0 
281
4396
4 4 64 512 
8 8 16 2 
0 2 0 0 
0 0 0 0 
282
4396
4 4 64 512 
8 8 16 2 
0 2 0 0 
0 2 0 0 
283
4420
0 8 64 512 
0 16 16 2 
0 0 0 2 
0 0 2 2 
284
4456
0 8 64 512 
0 0 32 2 
0 0 0 2 
0 2 0 4 
285
4460
0 8 64 512 
0 2 32 4 
0 0 0 4 
0 2 0 0 
286
4472
2 8 64 512 
0 4 32 8 
0 0 0 0 
0 0 0 0 
287
4472
2 8 64 512 
4 32 8 0 
0 2 0 0 
0 0 0 0 
288
4472
2 8 64 512 
0 4 32 8 
0 2 0 2 
0 0 0 0 
289
4476
2 8 64 512 
0 4 32 8 
0 0 0 4 
0 2 0 0 
290
4476
2 8 64 512 
0 4 32 8 
0 0 0 4 
0 0 2 2 
291
4480
2 8 64 512 
0 4 32 8 
0 2 0 4 
0 0 0 4 
292
4488
2 8 64 512 
0 4 32 8 
2 2 0 8 
0 0 0 0 
293
4508
4 8 64 512 
0 4 32 16 
0 2 0 2 
0 0 0 0 
294
4512
4 8 64 512 
0 4 32 16 
2 0 0 4 
0 0 0 0 
295
4512
4 8 64 512 
2 4 32 16 
0 0 2 4 
0 0 0 0 
296
4512
4 8 64 512 
2 4 32 16 
2 0 2 4 
0 0 0 0 
297
4516
4 8 64 512 
2 4 32 16 
0 0 4 4 
4 0 0 0 
298
4524
4 8 64 512 
2 4 32 16 
0 0 0 8 
0 0 2 4 
299
4524
4 8 64 512 
2 4 32 16 
0 0 2 8 
0 0 2 4 
300
4528
0 2 0 512 
0 0 64 16 
4 8 32 8 
2 4 4 4 
301
4528
4 2 64 512 
2 8 32 16 
0 4 4 8 
0 0 2 4 
302
4536
4 2 64 512 
2 8 32 16 
0 0 8 8 
0 4 2 4 
303
4552
4 2 64 512 
2 8 32 16 
0 2 0 16 
0 4 2 4 
304
4584
4 2 64 512 
2 8 32 32 
0 2 2 4 
0 4 2 0 
305
4652
4 2 64 512 
2 8 64 0 
4 4 2 0 
4 2 0 0 
306
4788
4 2 128 512 
2 8 2 2 
8 4 0 0 
0 2 0 0 
307
4792
4 2 128 512 
2 8 4 0 
8 4 0 0 
2 0 0 2 
308
4796
4 2 128 512 
2 8 4 0 
8 4 0 0 
4 0 0 2 
309
4796
4 2 128 512 
2 8 4 0 
8 4 0 0 
4 2 0 2 
310
4800
4 2 128 512 
2 8 4 0 
8 4 2 0 
4 4 0 0 
311
4808
4 2 128 512 
2 8 4 0 
8 4 2 0 
8 0 2 0 
312
4828
4 2 128 512 
2 8 4 0 
16 4 4 0 
0 0 2 0 
313
4836
4 2 128 512 
0 2 8 4 
0 0 16 8 
2 0 0 2 
314
4840
4 4 128 512 
2 0 8 4 
0 0 16 8 
0 2 0 2 
315
4852
8 128 512 2 
2 8 4 0 
16 8 0 0 
4 0 0 0 
316
4868
8 128 512 2 
2 16 4 0 
16 0 0 0 
4 2 0 0 
317
4868
8 128 512 2 
0 2 16 4 
0 0 0 16 
4 0 4 2 
318
4876
8 128 512 2 
2 16 4 0 
16 0 2 0 
8 2 0 0 
319
4876
8 128 512 2 
0 2 16 4 
0 0 16 2 
2 0 8 2 
320
4912
8 128 512 2 
2 2 32 4 
0 0 8 4 
0 0 2 0 
321
4916
8 128 512 2 
4 32 4 0 
8 4 0 0 
2 2 0 0 
322
4920
8 128 512 2 
0 4 32 4 
0 0 8 4 
0 2 0 4 
323
4928
8 128 512 2 
0 4 32 8 
4 2 8 4 
0 0 0 0 
324
4928
8 128 512 2 
4 4 32 8 
2 2 8 4 
0 0 0 0 
325
4940
8 128 512 2 
0 8 32 8 
0 4 8 4 
0 0 2 0 
326
4940
8 128 512 2 
8 32 8 0 
4 8 4 0 
2 0 0 2 
327
4960
16 128 512 4 
4 32 8 0 
2 8 4 0 
0 0 2 0 
328
4960
16 128 512 4 
4 32 8 0 
2 8 4 0 
2 0 0 4 
329
4972
16 128 512 8 
4 32 8 0 
4 8 4 0 
0 2 0 0 
330
4980
16 128 512 8 
8 32 8 0 
0 8 4 0 
4 2 0 0 
331
4980
16 128 512 8 
8 32 8 0 
4 8 4 2 
0 2 0 0 
332
4980
16 128 512 8 
8 32 8 0 
4 8 4 2 
2 0 0 2 
333
4984
16 128 512 8 
8 32 8 0 
4 8 4 2 
4 0 0 2 
334
4996
16 128 512 8 
8 32 8 4 
8 8 4 2 
0 0 0 0 
335
5012
16 128 512 8 
16 32 8 4 
0 8 4 2 
0 0 4 0 
336
5052
32 128 512 8 
0 32 8 4 
0 8 8 2 
0 2 0 0 
337
5068
32 128 512 8 
32 8 4 0 
16 2 0 0 
2 0 0 2 
338
5132
64 128 512 8 
16 8 4 2 
2 2 0 2 
0 0 0 0 
339
5136
64 128 512 8 
16 8 4 2 
4 2 0 0 
0 0 2 0 
340
5136
64 128 512 8 
16 8 4 2 
4 2 2 0 
2 0 0 0 
341
5136
64 128 512 8 
16 8 4 2 
4 2 2 0 
2 0 0 2 
342
5144
64 128 512 8 
16 8 4 2 
4 4 0 0 
4 0 0 2 
343
5152
64 128 512 8 
16 8 4 2 
2 0 0 8 
0 0 4 2 
344
5152
64 128 512 8 
16 8 4 2 
2 8 0 0 
4 2 0 2 
345
5172
64 128 512 8 
16 16 4 4 
2 2 2 0 
4 0 0 0 
346
5216
64 128 512 8 
32 8 0 0 
4 2 0 2 
4 0 0 0 
347
5224
64 128 512 8 
32 8 0 2 
8 2 0 0 
0 0 0 2 
348
5224
64 128 512 8 
32 8 2 0 
8 2 0 0 
2 0 0 2 
349
5228
64 128 512 8 
32 8 2 0 
8 2 0 0 
4 0 2 0 
350
5228
64 128 512 8 
32 8 2 0 
8 2 0 0 
4 2 0 2 
351
5232
64 128 512 8 
32 8 2 2 
8 2 0 0 
4 4 0 0 
352
5244
64 128 512 8 
32 8 4 0 
8 2 0 0 
8 2 0 0 
353
5264
64 128 512 8 
32 8 4 0 
16 4 0 2 
0 0 0 0 
354
5264
64 128 512 8 
32 8 4 0 
16 4 2 0 
0 0 2 0 
355
5268
64 128 512 8 
32 8 4 0 
16 4 4 0 
0 0 0 2 
356
5276
64 128 512 8 
32 8 4 0 
16 8 0 2 
2 0 0 0 
357
5276
64 128 512 8 
0 32 8 4 
0 16 8 2 
2 0 0 2 
358
5280
64 128 512 8 
32 8 4 0 
16 8 2 4 
4 0 0 0 
359
5280
64 128 512 8 
32 8 4 2 
16 8 2 4 
4 0 0 0 
360
5280
64 128 512 8 
32 8 4 2 
16 8 2 4 
4 0 2 0 
361
5300
64 128 512 8 
32 16 4 2 
16 2 4 4 
4 0 0 0 
362
5308
64 128 512 8 
32 16 8 2 
16 2 0 4 
4 2 0 0 
363
5312
64 128 512 8 
32 16 8 2 
16 4 0 4 
4 2 0 0 
364
5312
64 128 512 8 
32 16 8 2 
16 4 0 4 
4 2 2 0 
365
5324
64 128 512 8 
32 16 8 2 
16 8 0 0 
4 4 4 0 
366
5332
64 128 512 8 
32 16 8 2 
16 8 0 0 
8 4 2 0 
367
5332
64 128 512 8 
32 16 8 2 
0 0 16 8 
2 8 4 2 
368
5332
64 128 512 8 
32 16 8 2 
16 8 0 2 
2 8 4 2 
369
5352
64 128 512 8 
32 16 8 4 
16 16 4 2 
2 2 0 0 
370
5388
64 128 512 8 
32 16 8 4 
32 4 2 2 
4 0 0 0 
371
5452
64 128 512 8 
64 16 8 4 
4 4 2 2 
0 0 0 2 
372
5584
128 128 512 8 
4 16 8 4 
0 4 2 4 
0 0 2 0 
373
5840
256 512 8 0 
4 16 8 4 
4 2 4 0 
2 0 2 0 
374
5844
0 256 512 8 
4 16 8 4 
2 4 2 4 
0 0 0 4 
375
5852
4 256 512 8 
2 16 8 8 
0 4 2 4 
0 0 2 0 
376
5872
4 256 512 16 
2 16 8 4 
0 4 4 0 
0 2 0 0 
377
5880
4 256 512 16 
2 16 8 4 
0 0 0 8 
0 0 2 2 
378
5884
4 256 512 16 
2 16 8 4 
8 2 0 0 
4 0 0 0 
379
5884
4 256 512 16 
2 16 8 4 
0 2 8 2 
0 0 0 4 
380
5900
4 256 512 16 
2 16 16 4 
0 2 0 2 
0 0 2 4 
381
5936
4 256 512 16 
0 2 32 4 
0 0 0 4 
2 0 2 4 
382
5944
4 256 512 16 
2 2 32 8 
0 0 2 4 
0 2 0 0 
383
5948
4 256 512 16 
4 32 8 0 
2 4 0 0 
2 2 0 0 
384
5960
8 256 512 16 
4 32 8 0 
0 4 0 0 
0 2 2 0 
385
5964
8 256 512 16 
4 32 8 0 
4 0 0 2 
4 0 0 0 
386
5972
8 256 512 16 
8 32 8 2 
4 0 0 2 
0 0 0 0 
387
5992
16 256 512 16 
4 32 8 4 
0 0 0 2 
0 0 0 0 
388
5992
16 256 512 16 
4 32 8 4 
2 0 2 0 
0 0 0 0 
389
5996
16 256 512 16 
4 32 8 4 
4 0 0 0 
0 0 0 2 
390
6004
16 256 512 16 
8 32 8 4 
2 0 0 2 
0 0 0 0 
391
6008
16 256 512 16 
8 32 8 4 
4 2 0 0 
0 0 0 0 
392
6008
16 256 512 16 
8 32 8 4 
4 2 0 0 
0 2 0 0 
393
6012
16 256 512 16 
8 32 8 4 
4 4 0 0 
0 0 0 4 
394
6020
16 256 512 16 
8 32 8 4 
8 0 0 0 
4 0 0 2 
395
6036
16 256 512 16 
16 32 8 4 
4 0 0 2 
0 2 0 0 
396
6068
32 256 512 16 
4 32 8 4 
0 2 0 2 
0 2 0 0 
397
6072
32 256 512 16 
4 32 8 4 
0 4 0 2 
0 2 0 0 
398
6072
32 256 512 16 
4 32 8 4 
4 2 0 0 
2 4 0 0 
399
6080
32 256 512 16 
8 32 8 4 
2 2 0 0 
0 4 2 0 
400
6084
32 256 512 16 
8 32 8 4 
4 0 0 2 
4 2 0 0 
401
6092
32 256 512 16 
8 32 8 4 
8 2 0 2 
0 2 0 0 
402
6112
32 256 512 16 
16 32 8 4 
0 4 0 2 
2 0 0 0 
403
6112
32 256 512 16 
16 32 8 4 
2 4 0 2 
0 0 2 0 
404
6112
32 256 512 16 
16 32 8 4 
2 4 2 0 
2 0 2 0 
405
6120
32 256 512 16 
16 32 8 4 
4 4 4 0 
0 2 0 0 
406
6128
32 256 512 16 
16 32 8 4 
8 4 0 2 
2 0 0 0 
407
6128
32 256 512 16 
16 32 8 4 
8 4 2 0 
2 0 0 2 
408
6132
32 256 512 16 
16 32 8 4 
8 4 2 2 
4 0 0 0 
409
6136
32 256 512 16 
16 32 8 4 
8 4 4 2 
4 0 0 0 
410
6144
32 256 512 16 
16 32 8 4 
8 8 2 0 
4 0 2 0 
411
6160
32 256 512 16 
16 32 8 4 
16 2 0 2 
4 2 0 0 
412
6196
32 256 512 16 
32 32 8 4 
4 4 0 2 
2 0 0 0 
413
6260
64 256 512 16 
4 32 8 4 
2 4 0 2 
0 4 0 0 
414
6268
64 256 512 16 
4 32 8 4 
2 8 2 2 
0 0 0 0 
415
6272
64 256 512 16 
4 32 8 4 
0 2 8 4 
0 0 0 2 
416
6296
64 256 512 16 
4 32 16 8 
0 2 0 2 
0 0 2 0 
417
6296
64 256 512 16 
4 32 16 8 
0 2 2 2 
2 0 0 0 
418
6296
64 256 512 16 
4 32 16 8 
2 2 2 2 
0 4 0 0 
419
6304
64 256 512 16 
4 32 16 8 
4 4 0 0 
4 0 4 0 
420
6320
64 256 512 16 
4 32 16 8 
0 4 0 8 
0 0 0 8 
421
6336
64 256 512 16 
4 32 16 16 
2 4 0 8 
0 0 0 0 
422
6368
64 256 512 16 
4 32 32 0 
2 4 8 0 
0 0 2 0 
423
6432
64 256 512 16 
4 64 0 0 
2 4 8 0 
2 4 0 0 
424
6444
64 256 512 16 
4 64 8 0 
4 8 0 0 
0 0 0 2 
425
6452
64 256 512 16 
8 64 8 2 
0 8 0 0 
0 2 0 0 
426
6452
64 256 512 16 
8 64 8 2 
8 0 0 2 
2 0 0 0 
427
6472
64 256 512 16 
16 64 8 4 
2 2 0 0 
0 0 0 0 
428
6476
64 256 512 16 
16 64 8 4 
4 2 0 0 
0 0 0 0 
429
6476
64 256 512 16 
16 64 8 4 
4 2 0 2 
0 0 0 0 
430
6480
64 256 512 16 
16 64 8 4 
4 4 0 0 
2 0 0 0 
431
6488
64 256 512 16 
16 64 8 4 
8 2 0 0 
2 0 0 0 
432
6488
64 256 512 16 
16 64 8 4 
0 0 8 2 
0 0 2 2 
433
6508
64 256 512 16 
16 64 16 4 
0 0 2 4 
0 0 2 0 
434
6520
64 256 512 16 
16 64 16 8 
0 0 4 0 
0 0 4 0 
435
6528
64 256 512 16 
16 64 16 8 
0 0 8 0 
0 0 4 0 
436
6528
64 256 512 16 
16 64 16 8 
0 0 2 8 
0 0 0 4 
437
6544
64 256 512 16 
16 64 16 16 
0 0 2 4 
4 0 0 0 
438
6576
64 256 512 16 
16 64 32 0 
2 4 0 0 
4 2 0 0 
439
6576
64 256 512 16 
0 16 64 32 
2 0 2 4 
0 0 4 2 
440
6580
64 256 512 16 
16 64 32 0 
4 4 0 0 
4 2 2 0 
441
6588
64 256 512 16 
16 64 32 0 
8 4 2 0 
0 2 2 0 
442
6592
64 256 512 16 
16 64 32 2 
8 4 4 0 
0 2 0 0 
443
6600
64 256 512 16 
16 64 32 2 
8 8 0 0 
2 0 2 0 
444
6620
64 256 512 16 
16 64 32 2 
16 0 2 0 
4 0 0 0 
445
6652
64 256 512 16 
32 64 32 2 
4 0 2 2 
0 0 0 0 
446
6656
64 256 512 16 
32 64 32 2 
4 4 0 2 
0 0 0 0 
447
6664
64 256 512 16 
32 64 32 2 
8 2 0 0 
0 0 0 2 
448
6668
64 256 512 16 
32 64 32 4 
8 2 2 0 
0 0 0 0 
449
6672
64 256 512 16 
32 64 32 4 
8 4 2 0 
0 0 0 0 
450
6672
64 256 512 16 
32 64 32 4 
8 4 2 0 
0 0 2 0 
451
6676
64 256 512 16 
32 64 32 4 
8 4 4 0 
0 2 0 0 
452
6684
64 256 512 16 
32 64 32 4 
8 8 0 0 
2 0 2 0 
453
6704
64 256 512 16 
32 64 32 4 
16 0 0 0 
4 0 0 2 
454
6704
64 256 512 16 
32 64 32 4 
16 2 0 2 
4 0 0 0 
455
6708
64 256 512 16 
32 64 32 4 
16 4 0 0 
4 2 0 0 
456
6708
64 256 512 16 
32 64 32 4 
16 4 0 0 
4 2 2 0 
457
6712
64 256 512 16 
32 64 32 4 
16 4 0 0 
4 4 0 2 
458
6720
64 256 512 16 
32 64 32 4 
16 8 0 2 
4 4 0 0 
459
6728
64 256 512 16 
32 64 32 4 
16 8 2 0 
8 0 2 0 
460
6732
64 256 512 16 
32 64 32 4 
16 8 4 2 
8 0 0 0 
461
6732
64 256 512 16 
32 64 32 4 
16 8 4 2 
8 0 0 2 
462
6736
64 256 512 16 
32 64 32 4 
16 8 4 4 
8 2 0 0 
463
6744
64 256 512 16 
32 64 32 4 
16 8 8 2 
8 2 0 0 
464
6760
64 256 512 16 
32 64 32 4 
16 16 2 0 
8 2 2 0 
465
6796
64 256 512 16 
32 64 32 4 
32 2 0 2 
8 4 0 0 
466
6860
64 256 512 16 
64 64 32 4 
8 2 0 2 
0 4 2 0 
467
6988
128 256 512 16 
8 64 32 4 
0 2 2 2 
2 4 0 0 
468
6992
128 256 512 16 
8 64 32 4 
4 2 0 2 
2 4 0 0 
469
6996
128 256 512 16 
8 64 32 4 
4 4 0 0 
2 4 0 2 
470
7004
128 256 512 16 
8 64 32 4 
8 0 0 4 
2 4 2 0 
471
7028
128 256 512 16 
16 64 32 8 
2 4 2 0 
2 0 0 0 
472
7032
128 256 512 16 
16 64 32 8 
4 4 2 2 
0 0 0 0 
473
7044
128 256 512 16 
16 64 32 8 
8 4 0 0 
0 0 2 0 
474
7044
128 256 512 16 
16 64 32 8 
8 4 2 0 
2 0 0 0 
475
7044
128 256 512 16 
16 64 32 8 
8 4 2 2 
2 0 0 0 
476
7048
128 256 512 16 
16 64 32 8 
8 4 4 0 
2 0 2 0 
477
7060
128 256 512 16 
16 64 32 8 
8 8 0 0 
4 2 0 0 
478
7076
128 256 512 16 
16 64 32 8 
16 0 2 0 
4 2 0 0 
479
7108
128 256 512 16 
32 64 32 8 
4 2 2 0 
0 0 2 0 
480
7112
128 256 512 16 
32 64 32 8 
4 4 0 2 
2 0 0 0 
481
7120
128 256 512 16 
32 64 32 8 
8 2 0 0 
2 0 0 2 
482
7124
128 256 512 16 
32 64 32 8 
8 2 0 0 
4 2 0 0 
483
7128
128 256 512 16 
32 64 32 8 
8 4 0 2 
4 0 0 0 
484
7128
128 256 512 16 
32 64 32 8 
8 4 2 0 
4 0 0 2 
485
7128
128 256 512 16 
32 64 32 8 
8 4 2 2 
4 0 2 0 
486
7132
128 256 512 16 
32 64 32 8 
8 4 4 0 
4 2 2 0 
487
7144
128 256 512 16 
32 64 32 8 
8 8 0 0 
4 4 2 0 
488
7168
128 256 512 16 
32 64 32 8 
16 0 0 0 
8 2 2 0 
489
7172
128 256 512 16 
32 64 32 8 
16 0 0 2 
8 4 0 0 
490
7172
128 256 512 16 
32 64 32 8 
16 2 0 4 
8 4 0 0 
491
7172
128 256 512 16 
32 64 32 8 
16 2 4 0 
8 4 2 0 
492
7172
128 256 512 16 
32 64 32 8 
16 2 4 0 
8 4 2 2 
493
7176
128 256 512 16 
32 64 32 8 
16 2 4 2 
8 4 4 0 
494
7184
128 256 512 16 
32 64 32 8 
16 2 4 2 
8 8 2 0 
495
7200
128 256 512 16 
32 64 32 8 
16 2 4 2 
16 2 2 0 
496
7236
128 256 512 16 
32 64 32 8 
32 4 4 2 
0 0 2 2 
497
7304
128 256 512 16 
64 64 32 8 
0 4 4 4 
0 2 2 0 
498
7444
128 256 512 16 
128 32 8 0 
8 4 0 2 
4 0 0 0 
499
7700
256 256 512 16 
8 32 8 2 
4 4 0 0 
2 0 0 0 
500
8220
0 512 512 16 
8 32 8 2 
0 0 0 8 
2 0 0 2 
501
9248
0 0 1024 16 
8 32 8 2 
0 0 0 8 
2 0 0 4 
502
9248
1024 16 0 0 
8 32 8 2 
8 2 0 0 
2 4 0 0 
503
9264
1024 16 8 2 
16 32 0 0 
2 2 0 2 
0 4 0 0 
504
9268
1024 16 8 4 
16 32 0 2 
2 2 0 0 
0 4 0 0 
505
9272
1024 16 8 4 
2 16 32 2 
0 0 0 4 
0 0 0 4 
506
9312
1024 32 8 4 
2 0 32 2 
2 0 0 8 
0 0 0 0 
507
9312
1024 32 8 4 
2 32 2 2 
2 8 0 0 
0 0 0 0 
508
9380
1024 64 8 4 
4 8 2 2 
0 0 0 0 
0 2 0 0 
509
9384
1024 64 8 4 
0 4 8 4 
0 0 0 0 
0 0 2 2 
510
9408
1024 64 16 8 
2 4 2 2 
0 0 0 0 
0 0 0 0 
511
9412
1024 64 16 8 
0 2 4 4 
0 2 0 0 
0 0 0 0 
512
9420
1024 64 16 8 
0 0 2 8 
0 0 0 2 
0 2 0 0 
513
9436
1024 64 16 16 
0 2 2 2 
0 0 2 0 
0 0 0 0 
514
9472
1024 64 32 0 
4 2 0 0 
2 0 0 0 
0 0 2 0 
515
9472
1024 64 32 0 
4 2 2 0 
2 0 0 2 
0 0 0 0 
516
9472
1024 64 32 2 
4 2 2 0 
2 0 0 0 
0 2 0 0 
517
9476
1024 64 32 2 
0 0 4 4 
0 0 0 2 
0 2 0 2 
518
9488
1024 64 32 2 
8 0 0 0 
2 0 0 0 
4 0 0 2 
519
9492
1024 64 32 4 
8 0 0 0 
2 0 0 2 
4 0 0 0 
520
9492
1024 64 32 4 
8 0 0 2 
2 0 0 0 
4 0 0 2 
521
9496
1024 64 32 4 
8 0 0 4 
2 0 0 0 
4 0 0 2 
522
9504
1024 64 32 8 
8 0 0 2 
2 4 0 0 
4 0 0 0 
523
9504
1024 64 32 8 
0 0 8 2 
0 2 2 4 
0 0 0 4 
524
9508
1024 64 32 8 
2 0 8 2 
0 0 4 4 
0 0 0 4 
525
9516
1024 64 32 8 
2 8 2 0 
8 0 0 0 
4 0 0 2 
526
9516
1024 64 32 8 
4 2 8 2 
0 0 0 8 
0 0 4 2 
527
9516
1024 64 32 8 
4 2 8 2 
8 0 0 0 
4 2 0 2 
528
9520
1024 64 32 8 
4 2 8 2 
0 0 0 8 
2 0 4 4 
529
9528
1024 64 32 8 
4 2 8 2 
0 0 0 8 
4 0 2 8 
530
9552
1024 64 32 8 
8 2 8 2 
2 0 2 16 
0 0 0 0 
531
9556
1024 64 32 8 
8 2 8 2 
4 16 0 0 
0 0 4 0 
532
9556
1024 64 32 8 
8 2 8 2 
0 2 4 16 
0 0 0 4 
533
9560
1024 64 32 8 
8 4 8 2 
2 0 4 16 
0 0 0 4 
534
9560
1024 64 32 8 
8 4 8 2 
2 4 16 0 
4 0 0 2 
535
9572
1024 64 32 8 
8 8 8 4 
2 0 16 4 
4 0 0 0 
536
9588
1024 64 32 8 
0 8 16 4 
0 2 16 4 
0 2 0 4 
537
9632
1024 64 32 8 
0 8 32 8 
0 4 2 4 
0 0 0 0 
538
9712
1024 64 64 16 
0 8 2 4 
0 4 2 0 
0 0 0 0 
539
9840
1024 128 16 0 
8 2 4 0 
4 2 2 0 
0 0 0 0 
540
9844
1024 128 16 0 
8 4 4 0 
4 0 2 0 
0 0 2 0 
541
9848
1024 128 16 0 
8 4 4 0 
4 0 4 0 
2 0 0 0 
542
9856
1024 128 16 4 
8 4 8 0 
4 0 0 0 
2 0 0 0 
543
9856
1024 128 16 4 
0 8 4 8 
0 0 0 4 
2 0 0 2 
544
9860
1024 128 16 4 
8 4 8 0 
4 0 0 0 
4 2 0 0 
545
9860
1024 128 16 4 
0 8 4 8 
0 0 0 4 
2 0 4 2 
546
9860
1024 128 16 4 
8 4 8 2 
4 0 0 0 
2 4 2 0 
547
9860
1024 128 16 4 
8 4 8 2 
0 0 0 4 
2 2 4 2 
548
9864
1024 128 16 4 
8 4 8 2 
4 0 0 2 
4 4 2 0 
549
9884
1024 128 16 4 
8 8 8 4 
8 0 2 0 
0 0 0 2 
550
9900
1024 128 16 4 
0 8 16 4 
0 2 8 2 
0 0 0 2 
551
9944
1024 128 32 8 
0 8 8 4 
0 2 0 2 
0 0 0 0 
552
9944
1024 128 32 8 
0 8 8 4 
0 2 0 2 
0 2 0 0 
553
9948
1024 128 32 8 
0 8 8 4 
0 4 0 2 
0 2 0 0 
554
9964
1024 128 32 8 
0 0 16 4 
0 0 4 2 
2 0 0 2 
555
9968
1024 128 32 8 
2 0 16 4 
2 0 4 4 
0 0 0 0 
556
9980
1024 128 32 8 
4 0 16 8 
0 0 4 2 
0 0 0 0 
557
9996
1024 128 32 16 
4 0 16 2 
0 0 4 0 
4 0 0 0 
558
9996
1024 128 32 16 
4 16 2 0 
4 0 0 2 
4 0 0 0 
559
10004
1024 128 32 16 
8 16 2 2 
4 0 0 0 
0 2 0 0 
560
10008
1024 128 32 16 
0 8 16 4 
0 0 2 4 
0 0 0 2 
561
10016
1024 128 32 16 
0 8 16 8 
0 0 2 2 
0 2 0 0 
562
10020
1024 128 32 16 
0 8 16 8 
0 0 0 4 
2 0 0 2 
563
10024
1024 128 32 16 
0 8 16 8 
0 0 0 4 
0 0 2 4 
564
10032
1024 128 32 16 
0 8 16 8 
2 0 2 8 
0 0 0 0 
565
10048
1024 128 32 16 
2 8 16 16 
0 0 2 0 
0 0 0 2 
566
10080
1024 128 32 32 
2 8 16 2 
0 0 2 0 
0 0 0 2 
567
10144
1024 128 64 0 
2 8 16 2 
2 0 2 0 
2 0 0 0 
568
10148
1024 128 64 2 
4 8 16 2 
2 0 2 0 
0 0 0 0 
569
10152
1024 128 64 4 
4 8 16 0 
2 0 2 2 
0 0 0 0 
570
10156
1024 128 64 4 
0 4 8 16 
0 0 2 4 
2 0 0 0 
571
10156
1024 128 64 4 
4 8 16 0 
2 4 0 0 
2 0 2 0 
572
10160
1024 128 64 4 
0 4 8 16 
2 0 2 4 
0 0 0 4 
573
10168
1024 128 64 4 
2 4 8 16 
0 0 2 8 
0 2 0 0 
574
10168
1024 128 64 4 
2 4 8 16 
0 0 2 8 
2 0 0 2 
575
10172
1024 128 64 4 
2 4 8 16 
0 0 2 8 
0 0 2 4 
576
10176
1024 128 64 4 
2 4 8 16 
0 0 4 8 
4 0 0 4 
577
10184
1024 128 64 4 
2 4 8 16 
0 0 4 8 
0 2 0 8 
578
10200
1024 128 64 4 
2 4 8 16 
2 2 4 16 
0 0 0 0 
579
10236
1024 128 64 4 
4 4 8 32 
0 2 4 0 
2 0 0 0 
580
10244
1024 128 64 4 
8 8 32 0 
2 4 0 2 
2 0 0 0 
581
10260
1024 128 64 4 
16 32 0 0 
2 4 2 4 
2 0 0 0 
582
10260
1024 128 64 4 
0 0 16 32 
2 4 2 4 
0 0 4 2 
583
10260
1024 128 64 4 
2 4 16 32 
0 0 2 4 
0 2 4 2 
584
10260
1024 128 64 4 
2 4 16 32 
2 4 0 4 
2 4 2 0 
585
10272
1024 128 64 4 
4 8 16 32 
2 4 2 4 
2 0 0 0 
586
10276
1024 128 64 4 
4 8 16 32 
4 4 2 4 
0 0 2 0 
587
10284
1024 128 64 4 
4 8 16 32 
0 8 2 4 
2 0 0 2 
588
10300
1024 128 64 4 
4 16 16 32 
2 0 2 4 
0 2 0 2 
589
10340
1024 128 64 4 
0 4 32 32 
2 0 4 4 
0 0 0 4 
590
10412
1024 128 64 4 
4 64 0 0 
2 8 0 0 
4 4 0 0 
591
10420
1024 128 64 4 
0 0 4 64 
2 0 2 8 
0 0 0 8 
592
10424
1024 128 64 4 
4 64 0 0 
4 8 0 0 
8 0 0 2 
593
10424
1024 128 64 4 
0 0 4 64 
0 0 4 8 
2 0 8 2 
594
10424
1024 128 64 4 
4 64 2 0 
4 8 0 0 
2 8 2 0 
595
10424
1024 128 64 4 
2 4 64 2 
0 0 4 8 
0 2 8 2 
596
10552
1024 128 128 4 
2 4 4 2 
0 2 8 8 
0 2 0 2 
597
10836
1024 256 4 0 
2 8 2 0 
2 16 0 0 
4 2 0 0 
598
10836
0 1024 256 4 
0 2 8 2 
0 2 2 16 
0 0 4 2 
599
10840
1024 256 4 2 
2 8 2 0 
4 16 0 0 
4 2 0 0 
600
10840
1024 256 4 2 
0 2 8 2 
0 2 4 16 
0 0 4 2 
601
10856
1024 256 4 4 
0 4 8 16 
0 0 8 2 
0 2 0 0 
602
10864
1024 256 8 0 
4 8 16 0 
8 2 2 0 
2 0 0 0 
603
10868
1024 256 8 0 
4 8 16 0 
8 4 0 2 
2 0 0 0 
604
10868
1024 256 8 2 
4 8 16 0 
8 4 0 0 
2 0 0 2 
605
10872
1024 256 8 4 
4 8 16 0 
8 4 2 0 
2 0 0 0 
606
10872
1024 256 8 4 
0 4 8 16 
0 8 4 2 
0 2 0 2 
607
10892
1024 256 16 4 
2 4 4 16 
0 8 0 4 
0 2 0 0 
608
10900
1024 256 16 4 
2 8 16 0 
8 4 0 0 
2 0 2 0 
609
10932
1024 256 32 4 
2 8 2 0 
8 4 0 2 
2 0 0 0 
610
10932
1024 256 32 4 
0 2 8 2 
2 8 4 2 
0 0 0 2 
611
10936
1024 256 32 4 
2 2 8 4 
0 8 4 2 
2 0 0 0 
612
10948
1024 256 32 8 
4 2 8 2 
0 8 4 0 
2 0 0 0 
613
10948
1024 256 32 8 
4 2 8 2 
0 0 8 4 
0 2 0 2 
614
10968
1024 256 32 8 
4 4 16 2 
0 0 2 4 
0 0 0 2 
615
10976
1024 256 32 8 
0 8 16 2 
0 0 2 4 
2 0 0 2 
616
10976
1024 256 32 8 
2 8 16 2 
0 2 2 4 
0 0 0 2 
617
10980
1024 256 32 8 
2 8 16 2 
0 0 4 4 
2 0 0 2 
618
10992
1024 256 32 8 
2 8 16 2 
8 0 2 0 
4 0 0 0 
619
10992
1024 256 32 8 
2 8 16 2 
0 0 8 2 
2 0 0 4 
620
10992
1024 256 32 8 
2 8 16 2 
8 2 0 0 
2 4 2 0 
621
10992
1024 256 32 8 
2 8 16 2 
0 2 8 2 
0 2 4 2 
622
10992
1024 256 32 8 
2 8 16 2 
2 8 2 2 
2 4 2 0 
623
11020
1024 256 32 8 
4 16 16 4 
2 4 4 0 
0 2 0 0 
624
11060
1024 256 32 8 
0 4 32 4 
0 0 2 8 
0 2 0 2 
625
11124
1024 256 64 8 
2 4 2 4 
0 2 0 8 
0 0 0 2 
626
11124
1024 256 64 8 
2 4 2 4 
0 0 2 8 
0 0 2 2 
627
11128
1024 256 64 8 
2 4 4 4 
0 0 2 8 
0 2 0 2 
628
11140
1024 256 64 8 
0 2 4 8 
0 0 2 8 
2 0 0 4 
629
11156
1024 256 64 16 
2 2 4 8 
0 0 2 4 
0 0 0 2 
630
11160
1024 256 64 16 
0 4 4 8 
0 2 2 4 
0 0 0 2 
631
11172
1024 256 64 16 
0 0 8 8 
0 0 4 4 
2 0 0 2 
632
11200
1024 256 64 16 
0 2 0 16 
0 0 0 8 
0 0 0 4 
633
11232
1024 256 64 32 
0 2 0 8 
0 0 0 4 
0 0 2 0 
634
11232
1024 256 64 32 
2 0 2 8 
0 0 0 4 
0 0 0 2 
635
11236
1024 256 64 32 
0 0 4 8 
2 0 0 4 
0 0 0 2 
636
11236
1024 256 64 32 
0 0 4 8 
0 0 2 4 
2 0 0 2 
637
11240
1024 256 64 32 
0 0 4 8 
2 0 2 4 
0 0 0 4 
638
11248
1024 256 64 32 
2 0 4 8 
0 0 2 8 
0 0 2 0 
639
11268
1024 256 64 32 
2 0 4 16 
0 0 4 0 
0 0 2 0 
640
11276
1024 256 64 32 
2 0 8 16 
0 2 2 0 
0 0 0 0 
641
11280
1024 256 64 32 
0 2 8 16 
0 0 0 4 
0 0 0 2 
642
11280
1024 256 64 32 
0 2 8 16 
2 0 0 4 
0 0 0 2 
643
11280
1024 256 64 32 
0 2 8 16 
0 0 2 4 
0 0 2 2 
644
11284
1024 256 64 32 
0 2 8 16 
0 0 2 4 
2 0 0 4 
645
11292
1024 256 64 32 
2 2 8 16 
0 0 2 8 
0 0 2 0 
646
11296
1024 256 64 32 
4 8 16 0 
2 8 0 2 
2 0 0 0 
647
11316
1024 256 64 32 
4 16 16 2 
4 2 0 0 
0 0 0 0 
648
11348
1024 256 64 32 
0 4 32 2 
2 0 4 2 
0 0 0 0 
649
11352
1024 256 64 32 
2 4 32 4 
0 2 4 0 
0 0 0 0 
650
11352
1024 256 64 32 
2 4 32 4 
0 0 2 4 
0 0 0 2 
651
11360
1024 256 64 32 
2 4 32 8 
0 0 2 2 
0 0 0 2 
652
11364
1024 256 64 32 
2 4 32 8 
0 2 0 4 
0 0 0 2 
653
11364
1024 256 64 32 
2 4 32 8 
0 0 2 4 
0 2 0 2 
654
11368
1024 256 64 32 
2 4 32 8 
0 0 2 4 
0 0 2 4 
655
11380
1024 256 64 32 
2 4 32 8 
0 0 4 8 
0 0 0 2 
656
11396
1024 256 64 32 
2 4 32 16 
0 0 4 2 
0 0 0 4 
657
11396
1024 256 64 32 
2 4 32 16 
0 0 4 2 
0 2 0 4 
658
11396
1024 256 64 32 
2 4 32 16 
0 2 4 2 
0 0 2 4 
659
11396
1024 256 64 32 
2 4 32 16 
0 2 4 2 
2 0 2 4 
660
11400
1024 256 64 32 
2 4 32 16 
0 2 4 2 
0 2 4 4 
661
11408
1024 256 64 32 
2 4 32 16 
0 2 4 2 
0 2 2 8 
662
11412
1024 256 64 32 
2 4 32 16 
0 4 4 2 
2 0 2 8 
663
11424
1024 256 64 32 
4 8 32 16 
0 2 4 2 
0 0 2 8 
664
11424
1024 256 64 32 
4 8 32 16 
2 4 2 0 
2 8 0 2 
665
11424
1024 256 64 32 
4 8 32 16 
0 2 4 2 
2 2 8 2 
666
11432
1024 256 64 32 
4 8 32 16 
2 4 4 4 
2 0 8 0 
667
11440
1024 256 64 32 
4 8 32 16 
0 2 4 8 
2 0 2 8 
668
11456
1024 256 64 32 
4 8 32 16 
2 2 4 16 
0 2 2 0 
669
11492
1024 256 64 32 
4 8 32 32 
2 4 4 0 
0 0 2 2 
670
11556
1024 256 64 64 
4 8 32 2 
2 4 4 2 
0 0 2 0 
671
11692
1024 256 128 2 
4 8 32 2 
2 8 2 0 
2 0 0 0 
672
11716
1024 256 128 4 
4 16 32 0 
4 0 2 0 
0 0 0 2 
673
11724
1024 256 128 4 
8 16 32 2 
0 0 2 0 
0 0 2 0 
674
11728
1024 256 128 4 
8 16 32 2 
0 0 4 2 
0 0 0 0 
675
11732
1024 256 128 4 
8 16 32 4 
0 0 4 0 
2 0 0 0 
676
11740
1024 256 128 8 
8 16 32 0 
2 0 4 0 
2 0 0 0 
677
11744
1024 256 128 8 
8 16 32 2 
4 0 4 0 
0 0 0 0 
678
11752
1024 256 128 8 
8 16 32 2 
8 0 0 0 
0 0 2 0 
679
11768
1024 256 128 8 
16 16 32 2 
0 2 2 0 
0 0 0 0 
680
11804
1024 256 128 8 
0 32 32 2 
2 0 0 4 
0 0 0 0 
681
11868
1024 256 128 8 
0 2 64 2 
0 0 2 4 
0 0 0 0 
682
11868
1024 256 128 8 
0 2 64 2 
0 0 2 4 
0 0 0 2 
683
11868
1024 256 128 8 
0 2 64 2 
0 0 2 4 
0 0 4 2 
684
11868
1024 256 128 8 
0 2 64 2 
2 0 2 4 
0 0 4 2 
685
11872
1024 256 128 8 
0 2 64 2 
0 0 4 4 
0 2 4 2 
686
11884
1024 256 128 8 
0 4 64 2 
0 0 8 4 
0 2 0 2 
687
11888
1024 256 128 8 
4 64 2 0 
8 4 0 0 
4 0 2 0 
688
11888
1024 256 128 8 
2 4 64 2 
0 0 8 4 
0 0 4 2 
689
11888
1024 256 128 8 
2 4 64 2 
8 4 0 0 
4 2 2 0 
690
11896
1024 256 128 8 
2 8 64 2 
8 2 2 0 
4 0 2 0 
691
11900
1024 256 128 8 
2 8 64 2 
2 0 8 4 
0 0 4 2 
692
11900
1024 256 128 8 
2 8 64 2 
2 8 4 0 
4 2 2 0 
693
11920
1024 256 128 8 
4 16 64 2 
4 2 4 0 
2 0 2 0 
694
11928
1024 256 128 8 
8 16 64 2 
2 2 4 0 
0 0 2 4 
695
11932
1024 256 128 8 
8 16 64 2 
4 4 2 0 
2 4 0 0 
696
11940
1024 256 128 8 
8 16 64 2 
4 8 2 0 
2 2 0 0 
697
11944
1024 256 128 8 
8 16 64 2 
4 8 2 0 
4 2 0 0 
698
11952
1024 256 128 8 
8 16 64 2 
8 8 2 0 
4 2 0 0 
699
11968
1024 256 128 8 
16 16 64 2 
4 8 2 0 
0 2 0 2 
700
12004
1024 256 128 8 
0 32 64 2 
0 4 8 2 
2 0 0 4 
701
12008
1024 256 128 8 
2 32 64 4 
0 4 8 4 
0 2 0 0 
702
12016
1024 256 128 8 
2 32 64 8 
0 4 8 0 
0 2 0 2 
703
12032
1024 256 128 16 
2 32 64 2 
2 4 8 0 
0 2 0 0 
704
12036
1024 256 128 16 
4 32 64 2 
0 4 8 0 
2 2 0 0 
705
12040
1024 256 128 16 
4 32 64 2 
4 8 0 0 
4 2 0 0 
706
12048
1024 256 128 16 
8 32 64 2 
4 8 2 0 
0 2 0 0 
707
12048
1024 256 128 16 
8 32 64 2 
4 8 2 0 
2 0 0 2 
708
12052
1024 256 128 16 
8 32 64 2 
4 8 2 2 
4 0 0 0 
709
12064
1024 256 128 16 
8 32 64 4 
8 8 2 0 
0 0 2 0 
710
12084
1024 256 128 16 
16 32 64 4 
0 8 4 0 
2 0 0 0 
711
12084
1024 256 128 16 
16 32 64 4 
2 0 8 4 
0 0 0 2 
712
12092
1024 256 128 16 
16 32 64 8 
2 0 8 2 
2 0 0 0 
713
12096
1024 256 128 16 
16 32 64 8 
4 0 8 2 
0 0 2 0 
714
12096
1024 256 128 16 
16 32 64 8 
0 4 8 2 
0 2 0 2 
715
12100
1024 256 128 16 
16 32 64 8 
0 4 8 4 
0 2 2 0 
716
12104
1024 256 128 16 
16 32 64 8 
2 4 8 4 
0 0 0 4 
717
12112
1024 256 128 16 
16 32 64 8 
2 4 8 8 
0 0 0 2 
718
12128
1024 256 128 16 
16 32 64 16 
2 4 8 2 
0 0 0 2 
719
12164
1024 256 128 32 
16 32 64 4 
2 4 8 0 
0 2 0 0 
720
12164
1024 256 128 32 
16 32 64 4 
2 2 4 8 
0 0 0 2 
721
12168
1024 256 128 32 
16 32 64 4 
4 4 8 0 
2 2 0 0 
722
12180
1024 256 128 32 
16 32 64 4 
0 0 8 8 
2 0 0 4 
723
12196
1024 256 128 32 
16 32 64 4 
0 0 0 16 
0 2 2 4 
724
12200
1024 256 128 32 
16 32 64 4 
16 0 2 0 
4 4 0 0 
725
12208
1024 256 128 32 
16 32 64 4 
0 2 16 2 
0 0 0 8 
726
12208
1024 256 128 32 
16 32 64 4 
2 16 2 2 
8 0 0 0 
727
12212
1024 256 128 32 
16 32 64 4 
2 2 16 4 
0 0 0 8 
728
12220
1024 256 128 32 
16 32 64 8 
2 2 16 8 
0 0 0 4 
729
12236
1024 256 128 32 
16 32 64 16 
2 2 16 4 
0 2 0 0 
730
12240
1024 256 128 32 
16 32 64 16 
4 16 4 0 
2 0 0 2 
731
12244
1024 256 128 32 
16 32 64 16 
4 16 4 0 
4 0 0 2 
732
12252
1024 256 128 32 
16 32 64 16 
8 16 4 2 
0 2 0 0 
733
12252
1024 256 128 32 
16 32 64 16 
8 16 4 2 
0 2 0 2 
734
12256
1024 256 128 32 
16 32 64 16 
8 16 4 4 
0 2 0 2 
735
12268
1024 256 128 32 
16 32 64 16 
8 16 8 0 
4 0 0 2 
736
12268
1024 256 128 32 
16 32 64 16 
0 8 16 8 
0 2 4 2 
737
12268
1024 256 128 32 
16 32 64 16 
8 16 8 0 
2 4 2 2 
738
12272
1024 256 128 32 
16 32 64 16 
8 16 8 2 
2 4 4 0 
739
12280
1024 256 128 32 
16 32 64 16 
8 16 8 2 
2 8 0 2 
740
12280
1024 256 128 32 
16 32 64 16 
8 16 8 2 
2 2 8 2 
741
12300
1024 256 128 32 
16 32 64 16 
8 16 16 4 
2 2 2 0 
742
12336
1024 256 128 32 
16 32 64 16 
8 32 4 2 
4 2 0 0 
743
12400
1024 256 128 32 
16 64 64 16 
8 2 4 2 
4 2 0 0 
744
12528
1024 256 128 32 
0 16 128 16 
8 2 4 2 
2 0 4 2 
745
12796
1024 256 256 32 
8 16 8 16 
2 2 2 4 
0 0 0 0 
746
13312
1024 512 32 0 
8 16 8 16 
4 2 4 0 
2 0 0 0 
747
13312
1024 512 32 16 
8 16 8 2 
4 2 4 0 
2 0 0 0 
748
13312
1024 512 32 16 
8 16 8 2 
0 4 2 4 
0 2 0 2 
749
13312
1024 512 32 16 
8 16 8 2 
0 4 2 4 
2 2 0 2 
750
13316
1024 512 32 16 
8 16 8 2 
4 2 4 0 
4 2 4 0 
751
13336
1024 512 32 16 
8 16 8 2 
8 4 8 0 
0 0 2 0 
752
13368
1024 512 32 16 
16 16 16 2 
0 4 2 0 
0 2 0 0 
753
13400
1024 512 32 16 
0 16 32 2 
0 0 4 2 
0 0 2 2 
754
13468
1024 512 64 16 
0 16 4 4 
0 0 2 2 
0 2 0 0 
755
13480
1024 512 64 16 
0 0 16 8 
0 0 0 4 
2 0 0 2 
756
13484
1024 512 64 16 
0 0 16 8 
0 0 0 4 
0 2 0 4 
757
13492
1024 512 64 16 
0 2 16 8 
0 0 0 8 
0 2 0 0 
758
13512
1024 512 64 16 
0 4 16 16 
0 0 0 2 
0 0 0 0 
759
13544
1024 512 64 32 
0 4 16 2 
0 0 0 2 
0 0 0 0 
760
13548
1024 512 64 32 
0 4 16 4 
0 0 0 2 
0 0 0 0 
761
13548
1024 512 64 32 
0 4 16 4 
2 0 0 2 
0 0 0 0 
762
13552
1024 512 64 32 
0 4 16 4 
0 0 2 4 
0 0 0 0 
763
13560
1024 512 64 32 
0 4 16 8 
0 0 2 2 
0 0 0 0 
764
13564
1024 512 64 32 
0 4 16 8 
0 0 0 4 
0 2 0 0 
765
13564
1024 512 64 32 
0 4 16 8 
2 0 0 4 
0 0 0 2 
766
13564
1024 512 64 32 
0 4 16 8 
0 0 2 4 
2 0 0 2 
767
13568
1024 512 64 32 
2 4 16 8 
0 0 2 4 
0 0 0 4 
768
13576
1024 512 64 32 
2 4 16 8 
0 0 2 8 
0 2 0 0 
769
13592
1024 512 64 32 
2 4 16 16 
0 2 2 0 
0 2 0 0 
770
13628
1024 512 64 32 
0 2 4 32 
0 0 0 4 
0 0 2 2 
771
13692
1024 512 64 64 
0 2 4 4 
0 0 2 2 
2 0 0 0 
772
13832
1024 512 128 0 
2 8 0 0 
4 0 0 0 
2 2 0 0 
773
13832
1024 512 128 0 
2 8 0 0 
4 2 4 0 
2 0 0 0 
774
13832
1024 512 128 0 
2 8 4 2 
4 2 0 0 
2 0 0 0 
775
13832
1024 512 128 2 
2 8 4 0 
4 2 0 0 
2 0 0 2 
776
13836
1024 512 128 4 
2 8 4 2 
4 2 0 0 
2 0 0 0 
777
13836
1024 512 128 4 
2 8 4 2 
0 0 4 2 
2 0 0 2 
778
13852
1024 512 128 4 
4 8 8 4 
0 2 0 2 
0 0 0 0 
779
13860
1024 512 128 8 
4 8 8 2 
0 2 0 0 
0 2 0 0 
780
13876
1024 512 128 8 
0 4 16 2 
0 0 2 2 
0 0 0 2 
781
13880
1024 512 128 8 
0 4 16 4 
0 0 2 2 
2 0 0 0 
782
13880
1024 512 128 8 
2 4 16 4 
0 0 2 2 
0 0 0 4 
783
13884
1024 512 128 8 
2 4 16 4 
2 0 0 4 
0 0 0 4 
784
13896
1024 512 128 8 
4 4 16 8 
0 0 0 4 
2 0 0 0 
785
13912
1024 512 128 16 
4 4 16 4 
2 0 0 0 
0 0 0 2 
786
13912
1024 512 128 16 
4 4 16 4 
2 2 0 2 
0 0 0 0 
787
13924
1024 512 128 16 
0 8 16 4 
0 0 2 4 
4 0 0 0 
788
13932
1024 512 128 16 
4 8 16 8 
0 0 2 0 
2 0 0 0 
789
13932
1024 512 128 16 
4 8 16 8 
0 0 0 2 
0 0 2 2 
790
13936
1024 512 128 16 
4 8 16 8 
2 0 2 4 
0 0 0 0 
791
13940
1024 512 128 16 
4 8 16 8 
0 0 4 4 
0 0 0 2 
792
13948
1024 512 128 16 
4 8 16 8 
0 0 0 8 
0 2 0 2 
793
13964
1024 512 128 16 
4 8 16 16 
0 2 2 2 
0 0 0 0 
794
13996
1024 512 128 32 
4 8 16 2 
0 2 2 0 
0 2 0 0 
795
14000
1024 512 128 32 
4 8 16 2 
0 0 0 4 
2 0 0 2 
796
14000
1024 512 128 32 
4 8 16 2 
2 0 0 4 
0 0 2 2 
797
14004
1024 512 128 32 
4 8 16 2 
2 4 0 0 
4 0 0 2 
798
14008
1024 512 128 32 
4 8 16 4 
2 4 0 2 
4 0 0 0 
799
14008
1024 512 128 32 
4 8 16 4 
0 2 4 2 
0 0 4 4 
800
14016
1024 512 128 32 
4 8 16 4 
0 2 8 2 
2 0 0 4 
801
14016
1024 512 128 32 
4 8 16 4 
2 8 2 0 
2 4 0 2 
802
14036
1024 512 128 32 
4 16 16 4 
4 4 2 2 
0 0 2 0 
803
14080
1024 512 128 32 
0 4 32 4 
0 0 8 4 
0 0 2 2 
804
14088
1024 512 128 32 
0 4 32 8 
0 0 8 2 
0 2 2 0 
805
14092
1024 512 128 32 
0 4 32 8 
0 0 8 2 
0 0 2 4 
806
14092
1024 512 128 32 
0 4 32 8 
2 0 8 2 
0 0 2 4 
807
14092
1024 512 128 32 
4 32 8 2 
2 8 2 0 
2 4 0 0 
808
14092
1024 512 128 32 
4 32 8 2 
0 2 8 2 
2 0 2 4 
809
14112
1024 512 128 32 
4 32 16 4 
2 2 2 4 
0 0 0 2 
810
14120
1024 512 128 32 
4 32 16 8 
2 2 2 2 
2 0 0 0 
811
14128
1024 512 128 32 
4 32 16 8 
2 0 4 4 
0 0 0 2 
812
14136
1024 512 128 32 
4 32 16 8 
0 0 2 8 
2 0 0 2 
813
14152
1024 512 128 32 
4 32 16 16 
2 0 2 2 
0 0 0 2 
814
14188
1024 512 128 32 
0 4 32 32 
0 0 2 4 
0 0 2 2 
815
14256
1024 512 128 64 
0 4 32 4 
0 0 4 2 
0 2 0 0 
816
14256
1024 512 128 64 
4 32 4 2 
4 2 0 0 
2 0 0 0 
817
14256
1024 512 128 64 
4 32 4 2 
0 0 4 2 
0 0 2 2 
818
14268
1024 512 128 64 
4 32 8 4 
0 0 2 2 
0 0 0 2 
819
14272
1024 512 128 64 
4 32 8 4 
4 2 0 0 
2 0 0 0 
820
14272
1024 512 128 64 
4 32 8 4 
0 0 4 2 
0 2 0 2 
821
14276
1024 512 128 64 
4 32 8 4 
2 2 4 4 
0 0 0 0 
822
14284
1024 512 128 64 
4 32 8 8 
2 2 4 0 
0 0 0 4 
823
14304
1024 512 128 64 
0 4 32 16 
0 0 4 4 
2 0 0 4 
824
14312
1024 512 128 64 
2 4 32 16 
0 0 0 8 
0 0 2 4 
825
14312
1024 512 128 64 
2 4 32 16 
0 0 2 8 
0 0 2 4 
826
14312
1024 512 128 64 
2 4 32 16 
0 0 2 8 
2 0 2 4 
827
14316
1024 512 128 64 
2 4 32 16 
0 0 2 8 
0 2 4 4 
828
14324
1024 512 128 64 
2 4 32 16 
0 0 2 8 
0 2 2 8 
829
14344
1024 512 128 64 
2 4 32 16 
0 2 4 16 
0 2 0 0 
830
14380
1024 512 128 64 
2 4 32 32 
0 4 4 0 
0 0 2 0 
831
14452
1024 512 128 64 
0 2 4 64 
0 4 0 8 
0 0 0 2 
832
14580
1024 512 128 128 
0 2 4 8 
0 4 0 2 
0 0 0 2 
833
14836
1024 512 256 0 
2 4 8 0 
4 2 0 2 
2 0 0 0 
834
14840
1024 512 256 0 
2 4 8 0 
4 4 0 0 
2 0 0 2 
835
14848
1024 512 256 2 
2 8 8 0 
4 0 0 0 
2 4 0 0 
836
14864
1024 512 256 2 
0 0 2 16 
0 2 0 4 
0 0 2 4 
837
14864
1024 512 256 2 
2 16 0 0 
2 4 0 0 
2 4 0 2 
838
14880
1024 512 256 4 
4 16 0 0 
2 8 0 0 
0 0 2 0 
839
14880
1024 512 256 4 
4 16 2 2 
2 8 0 0 
0 0 0 0 
840
14880
1024 512 256 4 
4 16 2 2 
2 8 0 0 
0 2 0 0 
841
14880
1024 512 256 4 
4 16 2 2 
2 8 0 2 
0 2 0 0 
842
14884
1024 512 256 4 
4 16 2 4 
2 8 2 0 
0 2 0 0 
843
14896
1024 512 256 8 
4 16 4 0 
2 8 0 0 
2 2 0 0 
844
14900
1024 512 256 8 
2 4 16 4 
0 0 2 8 
0 0 0 4 
845
14900
1024 512 256 8 
2 4 16 4 
2 8 0 0 
4 0 2 0 
846
14904
1024 512 256 8 
4 4 16 4 
4 8 2 2 
0 0 0 0 
847
14912
1024 512 256 8 
8 4 16 4 
0 8 2 2 
0 2 0 0 
848
14916
1024 512 256 8 
8 4 16 4 
0 0 8 4 
0 0 2 2 
849
14924
1024 512 256 8 
8 4 16 8 
2 0 8 2 
0 0 2 0 
850
14940
1024 512 256 16 
8 4 16 2 
2 0 8 0 
0 0 2 2 
851
14944
1024 512 256 16 
8 4 16 2 
2 8 0 0 
4 0 0 2 
852
14948
1024 512 256 16 
8 4 16 4 
2 8 2 0 
4 0 0 0 
853
14948
1024 512 256 16 
8 4 16 4 
4 2 8 2 
0 0 0 4 
854
14948
1024 512 256 16 
8 4 16 4 
4 2 8 2 
4 0 2 0 
855
14956
1024 512 256 16 
8 4 16 4 
8 2 8 2 
0 2 2 0 
856
14976
1024 512 256 16 
16 4 16 4 
0 4 8 2 
0 2 2 0 
857
14984
1024 512 256 16 
16 8 16 4 
2 2 8 2 
0 0 2 0 
858
14988
1024 512 256 16 
16 8 16 4 
4 8 2 0 
2 0 2 0 
859
14992
1024 512 256 16 
16 8 16 4 
4 8 2 0 
4 2 0 0 
860
15016
1024 512 256 16 
16 16 16 4 
8 2 2 0 
0 2 0 0 
861
15052
1024 512 256 16 
0 16 32 4 
2 0 8 4 
0 0 0 2 
862
15060
1024 512 256 16 
2 16 32 8 
0 0 8 2 
0 2 0 0 
863
15060
1024 512 256 16 
2 16 32 8 
0 0 8 2 
2 0 0 2 
864
15068
1024 512 256 16 
4 16 32 8 
0 0 8 4 
0 0 0 2 
865
15068
1024 512 256 16 
4 16 32 8 
2 0 8 4 
0 0 0 2 
866
15068
1024 512 256 16 
4 16 32 8 
0 2 8 4 
0 0 2 2 
867
15072
1024 512 256 16 
4 16 32 8 
0 2 8 4 
0 0 2 4 
868
15080
1024 512 256 16 
4 16 32 8 
2 2 8 8 
0 0 2 0 
869
15096
1024 512 256 16 
4 16 32 16 
2 2 8 4 
0 0 2 0 
870
15128
1024 512 256 32 
4 16 32 4 
2 2 8 0 
0 0 2 2 
871
15128
1024 512 256 32 
4 16 32 4 
2 2 8 2 
2 0 2 0 
872
15136
1024 512 256 32 
4 16 32 4 
0 4 8 2 
0 2 0 4 
873
15136
1024 512 256 32 
4 16 32 4 
0 4 8 2 
2 2 0 4 
874
15140
1024 512 256 32 
4 16 32 4 
2 4 8 2 
0 0 4 4 
875
15148
1024 512 256 32 
4 16 32 4 
2 4 8 2 
0 0 2 8 
876
15148
1024 512 256 32 
4 16 32 4 
2 4 8 2 
2 8 2 0 
877
15148
1024 512 256 32 
4 16 32 4 
2 4 8 2 
2 2 8 2 
878
15172
1024 512 256 32 
4 16 32 4 
4 4 16 4 
0 2 0 2 
879
15184
1024 512 256 32 
4 16 32 4 
8 16 4 0 
4 0 2 0 
880
15216
1024 512 256 32 
4 32 32 4 
8 0 4 0 
4 2 2 0 
881
15284
1024 512 256 32 
0 4 64 4 
0 4 8 4 
0 0 4 4 
882
15300
1024 512 256 32 
0 8 64 8 
2 0 8 4 
0 0 4 0 
883
15300
1024 512 256 32 
0 8 64 8 
4 2 8 4 
0 0 0 4 
884
15308
1024 512 256 32 
4 8 64 8 
0 2 8 8 
0 2 0 0 
885
15328
1024 512 256 32 
4 8 64 16 
0 4 8 0 
0 0 0 2 
886
15328
1024 512 256 32 
4 8 64 16 
0 0 4 8 
0 0 2 2 
887
15332
1024 512 256 32 
4 8 64 16 
0 0 4 8 
2 0 0 4 
888
15332
1024 512 256 32 
4 8 64 16 
0 0 4 8 
0 2 2 4 
889
15336
1024 512 256 32 
4 8 64 16 
0 0 4 8 
0 4 4 4 
890
15344
1024 512 256 32 
4 8 64 16 
0 0 4 8 
2 0 4 8 
891
15368
1024 512 256 32 
4 8 64 16 
2 0 8 16 
2 0 0 0 
892
15404
1024 512 256 32 
4 8 64 32 
4 0 8 0 
0 2 0 0 
893
15476
1024 512 256 64 
8 8 64 0 
0 2 8 2 
0 0 0 0 
894
15492
1024 512 256 64 
0 0 16 64 
2 2 8 2 
0 0 0 0 
895
15620
1024 512 256 128 
2 2 16 2 
0 0 8 0 
2 0 0 0 
896
15624
1024 512 256 128 
4 16 2 2 
8 0 0 0 
2 0 0 0 
897
15628
1024 512 256 128 
0 4 16 4 
0 0 2 8 
0 0 0 2 
898
15628
1024 512 256 128 
4 16 4 0 
2 8 0 0 
2 0 0 2 
899
15632
1024 512 256 128 
0 4 16 4 
0 2 2 8 
0 0 0 4 
900
15636
1024 512 256 128 
4 16 4 2 
4 8 0 0 
4 0 0 0 
901
15636
1024 512 256 128 
4 16 4 2 
0 0 4 8 
0 2 0 4 
902
15636
1024 512 256 128 
4 16 4 2 
4 8 2 0 
2 4 0 0 
903
15636
1024 512 256 128 
4 16 4 2 
0 4 8 2 
0 2 2 4 
904
15640
1024 512 256 128 
4 16 4 4 
0 4 8 4 
0 2 2 2 
905
15648
1024 512 256 128 
4 16 4 8 
0 4 8 2 
0 2 2 2 
906
15652
1024 512 256 128 
4 16 4 8 
0 4 8 4 
2 2 2 0 
907
15656
1024 512 256 128 
4 16 4 8 
2 4 8 4 
0 0 2 4 
908
15664
1024 512 256 128 
4 16 4 8 
2 4 8 8 
2 0 2 0 
909
15684
1024 512 256 128 
4 16 4 16 
4 4 8 0 
0 0 2 2 
910
15696
1024 512 256 128 
4 16 4 16 
0 0 8 8 
4 0 0 4 
911
15720
1024 512 256 128 
4 16 4 16 
0 0 0 16 
0 0 4 8 
912
15760
1024 512 256 128 
4 16 8 32 
0 2 0 8 
0 0 0 0 
913
15760
1024 512 256 128 
4 16 8 32 
2 8 0 0 
0 0 2 0 
914
15760
1024 512 256 128 
4 16 8 32 
0 0 2 8 
0 2 0 2 
915
15764
1024 512 256 128 
4 16 8 32 
2 8 2 0 
4 0 0 0 
916
15764
1024 512 256 128 
4 16 8 32 
0 2 8 2 
0 2 0 4 
917
15784
1024 512 256 128 
4 16 16 32 
0 4 0 2 
0 0 4 4 
918
15824
1024 512 256 128 
0 4 32 32 
0 0 4 2 
0 2 0 8 
919
15888
1024 512 256 128 
0 0 4 64 
0 0 4 2 
2 0 2 8 
920
15896
1024 512 256 128 
2 0 8 64 
0 0 2 2 
2 0 0 8 
921
15900
1024 512 256 128 
2 8 64 0 
4 2 0 0 
2 8 0 0 
922
15900
1024 512 256 128 
0 2 8 64 
0 2 4 2 
0 0 2 8 
923
15904
1024 512 256 128 
0 4 8 64 
0 0 4 2 
2 0 2 8 
924
15904
1024 512 256 128 
2 4 8 64 
0 0 4 2 
0 2 2 8 
925
15904
1024 512 256 128 
2 4 8 64 
0 2 4 2 
2 0 2 8 
926
15908
1024 512 256 128 
2 4 8 64 
2 4 2 0 
4 8 2 0 
927
15924
1024 512 256 128 
4 8 8 64 
4 8 4 0 
2 0 0 0 
928
15940
1024 512 256 128 
0 4 16 64 
0 4 8 4 
0 0 2 2 
929
15948
1024 512 256 128 
2 8 16 64 
0 0 8 4 
0 0 2 2 
930
15952
1024 512 256 128 
2 8 16 64 
8 4 0 0 
4 0 0 2 
931
15952
1024 512 256 128 
2 8 16 64 
0 0 8 4 
2 0 4 2 
932
15956
1024 512 256 128 
4 8 16 64 
0 0 8 4 
2 0 4 2 
933
15956
1024 512 256 128 
4 8 16 64 
8 4 2 0 
2 4 2 0 
934
15956
1024 512 256 128 
4 8 16 64 
0 8 4 2 
2 2 4 2 
935
15984
1024 512 256 128 
4 16 16 64 
2 2 8 4 
0 0 2 0 
936
16020
1024 512 256 128 
4 4 32 64 
0 4 8 4 
0 0 0 2 
937
16028
1024 512 256 128 
0 8 32 64 
0 4 8 4 
0 2 0 2 
938
16032
1024 512 256 128 
8 32 64 0 
4 8 4 0 
4 2 0 0 
939
16032
1024 512 256 128 
0 8 32 64 
0 4 8 4 
0 2 4 2 
940
16032
1024 512 256 128 
2 8 32 64 
0 4 8 4 
0 2 4 2 
941
16032
1024 512 256 128 
2 8 32 64 
0 4 8 4 
4 2 4 2 
942
16032
1024 512 256 128 
2 8 32 64 
4 4 8 4 
2 2 4 2 
943
16044
1024 512 256 128 
2 8 32 64 
8 8 4 0 
4 4 2 2 
944
16060
1024 512 256 128 
2 16 32 64 
8 4 4 2 
4 2 2 0 
945
16072
1024 512 256 128 
2 16 32 64 
2 8 8 2 
0 0 4 4 
946
16096
1024 512 256 128 
2 16 32 64 
2 16 2 0 
8 2 0 0 
947
16132
1024 512 256 128 
4 32 32 64 
8 2 2 0 
2 0 0 0 
948
16200
1024 512 256 128 
0 4 64 64 
0 0 8 4 
0 0 2 2 
949
16332
1024 512 256 128 
0 0 4 128 
0 0 8 4 
0 0 4 4 
950
16596
1024 512 256 256 
0 2 4 8 
0 0 8 0 
0 0 4 0 
951
17108
1024 512 512 0 
2 4 8 0 
8 0 0 0 
4 0 2 0 
952
18132
1024 1024 0 0 
2 4 8 0 
8 0 0 0 
4 2 0 2 
953
20184
2048 0 0 0 
2 4 8 2 
8 0 0 0 
4 4 0 0 
