0
0
2 0 0 0 
0 0 0 0 
0 0 0 2 
0 0 0 0 
1
0
0 0 0 2 
0 0 0 2 
0 0 0 2 
0 0 0 0 
2
4
0 0 0 4 
0 0 0 2 
0 0 0 0 
2 0 0 0 
3
4
4 0 0 0 
2 0 0 0 
0 0 0 2 
2 0 0 0 
4
4
0 0 0 4 
0 0 0 2 
0 0 2 2 
0 0 0 2 
5
8
0 0 2 4 
2 0 0 4 
0 0 0 2 
0 0 0 0 
6
8
2 4 0 0 
2 4 0 0 
2 0 2 0 
0 0 0 0 
7
12
0 0 2 4 
0 2 2 4 
0 0 0 4 
0 0 0 0 
8
24
0 2 4 8 
0 0 0 4 
0 0 0 2 
0 0 0 0 
9
24
0 0 0 0 
0 0 0 8 
0 0 2 4 
0 2 4 2 
10
24
0 0 0 0 
8 0 2 0 
2 4 0 0 
2 4 2 0 
11
24
0 2 0 0 
0 0 8 2 
0 0 2 4 
0 2 4 2 
12
28
0 0 0 0 
0 0 8 2 
0 0 2 4 
2 4 4 2 
13
28
2 4 8 2 
0 0 2 4 
0 0 4 2 
0 0 0 2 
14
28
2 4 8 2 
2 4 0 0 
4 2 0 0 
2 0 2 0 
15
32
2 4 8 2 
0 0 2 4 
0 2 4 2 
0 0 0 4 
16
32
0 0 0 2 
2 0 8 4 
0 4 2 2 
2 2 4 4 
17
48
2 2 0 0 
2 8 4 0 
4 4 0 0 
4 8 0 0 
18
60
0 0 0 4 
2 2 8 4 
0 0 0 8 
0 0 4 8 
19
84
0 0 0 0 
0 0 0 0 
0 2 8 8 
2 2 4 16 
20
88
2 4 8 8 
0 0 4 16 
2 0 0 0 
0 0 0 0 
21
104
2 4 16 0 
4 16 0 0 
2 0 0 2 
0 0 0 0 
22
108
0 2 4 16 
0 0 4 16 
0 2 0 4 
0 0 0 0 
23
152
0 4 8 32 
0 2 0 4 
0 0 0 0 
0 0 0 0 
24
152
4 8 32 2 
2 4 0 0 
0 0 0 0 
0 0 0 0 
25
152
4 8 32 2 
0 0 2 4 
0 0 0 0 
0 2 0 0 
26
152
4 8 32 2 
0 2 2 4 
0 0 2 0 
0 0 0 0 
27
156
4 8 32 2 
4 4 0 0 
2 0 2 0 
0 0 0 0 
28
168
4 8 32 2 
0 0 0 8 
0 0 0 4 
0 0 2 0 
29
168
4 8 32 2 
0 0 2 8 
0 0 0 4 
0 0 0 2 
30
168
2 0 0 2 
0 0 0 8 
0 0 32 4 
4 8 2 2 
31
176
4 0 0 0 
8 0 0 2 
32 4 0 0 
4 8 4 0 
32
176
0 0 0 4 
2 0 8 2 
0 0 32 4 
0 4 8 4 
33
184
2 4 8 4 
0 0 32 2 
0 0 8 8 
0 0 2 0 
34
200
2 4 8 4 
32 2 0 4 
16 0 0 0 
2 0 0 0 
35
200
2 4 8 4 
0 32 2 4 
2 0 0 16 
0 0 0 2 
36
212
0 0 0 0 
0 2 0 8 
0 4 8 16 
4 32 2 2 
37
216
0 0 0 2 
2 8 0 0 
4 8 16 0 
4 32 4 0 
38
216
0 0 2 2 
0 0 2 8 
0 4 8 16 
0 4 32 4 
39
228
0 8 4 2 
0 0 8 8 
0 0 32 16 
0 2 0 4 
40
228
0 0 0 2 
0 0 4 8 
2 8 8 16 
0 2 32 4 
41
244
2 0 0 0 
4 8 0 0 
2 16 16 0 
2 32 4 2 
42
276
2 0 0 2 
0 0 4 8 
0 0 2 32 
2 32 4 2 
43
280
0 0 2 2 
0 0 4 8 
0 0 2 32 
4 32 4 2 
44
284
4 2 0 0 
4 8 0 0 
2 32 0 0 
4 32 4 2 
45
284
0 0 4 2 
0 0 4 8 
2 0 2 32 
4 32 4 2 
46
292
0 0 4 2 
0 0 8 8 
2 0 2 32 
4 32 4 2 
47
292
2 32 4 2 
4 0 8 8 
0 0 2 32 
0 2 4 2 
48
308
2 32 4 2 
4 16 0 0 
2 32 0 2 
2 4 2 0 
49
308
2 32 4 2 
0 0 4 16 
2 2 32 2 
0 2 4 2 
50
328
4 32 8 2 
0 4 32 16 
0 2 4 4 
0 0 0 0 
51
336
4 32 8 2 
4 32 16 0 
2 8 2 0 
0 0 0 0 
52
336
4 32 8 2 
0 4 32 16 
2 2 8 2 
0 0 0 0 
53
336
4 32 8 2 
2 4 32 16 
4 2 8 2 
0 0 0 0 
54
336
4 32 8 2 
2 4 32 16 
4 2 8 2 
0 2 0 0 
55
336
4 32 8 2 
2 4 32 16 
4 2 8 2 
0 0 2 2 
56
340
0 2 8 0 
4 32 32 2 
2 4 8 16 
4 2 2 4 
57
408
2 8 0 0 
4 64 2 2 
2 4 8 16 
4 4 4 0 
58
420
2 0 2 8 
0 4 64 4 
2 4 8 16 
0 0 4 8 
59
432
4 8 2 8 
0 0 64 4 
0 0 8 16 
0 2 4 8 
60
432
4 8 2 8 
64 4 0 0 
8 16 0 0 
2 4 8 2 
61
432
4 8 2 8 
0 2 64 4 
0 0 8 16 
2 4 8 2 
62
448
4 8 2 8 
2 2 64 4 
0 4 16 16 
0 0 2 2 
63
448
4 0 2 8 
0 8 64 4 
4 2 16 16 
2 4 2 2 
64
484
4 2 8 2 
8 64 4 0 
4 2 32 0 
2 4 4 0 
65
492
4 2 8 2 
0 8 64 4 
2 4 2 32 
0 0 2 8 
66
496
4 2 8 2 
2 8 64 4 
0 4 4 32 
2 0 0 8 
67
500
0 0 2 2 
0 2 8 4 
4 8 64 32 
4 4 4 8 
68
512
4 0 0 0 
2 8 4 2 
4 8 64 32 
8 4 8 0 
69
512
0 0 2 4 
2 8 4 2 
4 8 64 32 
0 8 4 8 
70
528
2 16 2 4 
4 8 4 2 
0 0 64 32 
2 0 4 8 
71
528
0 0 2 4 
2 2 4 2 
4 16 64 32 
2 8 4 8 
72
532
2 4 0 2 
4 4 2 0 
4 16 64 32 
2 8 4 8 
73
540
0 2 4 2 
2 0 8 2 
4 16 64 32 
2 8 4 8 
74
544
2 0 4 0 
2 2 8 4 
4 16 64 32 
2 8 4 8 
75
548
2 4 0 2 
4 8 4 0 
4 16 64 32 
2 8 4 8 
76
548
0 2 4 2 
2 4 8 4 
4 16 64 32 
2 8 4 8 
77
548
2 2 4 2 
2 4 8 4 
4 16 64 32 
2 8 4 8 
78
552
4 4 2 2 
2 4 8 4 
4 16 64 32 
2 8 4 8 
79
564
0 2 8 4 
2 4 8 4 
4 16 64 32 
2 8 4 8 
80
588
0 2 2 0 
2 4 16 8 
4 16 64 32 
2 8 4 8 
81
592
4 0 0 2 
2 4 16 8 
4 16 64 32 
2 8 4 8 
82
592
0 2 4 2 
2 4 16 8 
4 16 64 32 
2 8 4 8 
83
592
2 2 4 2 
4 4 16 8 
2 16 64 32 
2 8 4 8 
84
596
2 2 4 2 
2 4 16 8 
4 16 64 32 
4 8 4 8 
85
600
4 4 2 4 
2 4 16 8 
4 16 64 32 
4 8 4 8 
86
608
2 8 2 4 
2 4 16 8 
4 16 64 32 
4 8 4 8 
87
620
4 8 2 4 
8 4 16 8 
2 16 64 32 
0 8 4 8 
88
620
4 8 2 4 
8 4 16 8 
2 16 64 32 
8 4 8 2 
